47.2093 47.2093 47.2093

4 3.33333
26.1547	16.7894	9.03684
9.90686	44.5911	42.6959
7.98927	12.4233	39.6788
3.98754	28.6602	15.4953

4103 2.33333
22.58	33.0319	32.9747
15.3943	25.6984	41.9425
45.1219	40.7074	11.6654
46.93	27.7196	22.3977
38.0091	30.2054	21.2248
12.2848	23.641	21.668
0.907195	45.828	11.5953
2.5019	33.0859	43.5483
30.5635	44.4759	41.3875
18.0895	2.98956	14.8362
39.1387	36.974	5.30048
1.23095	10.8516	13.0755
0.561058	35.0588	13.2879
29.2943	4.11273	8.30362
8.29706	39.6456	10.8584
32.436	25.8514	17.9005
35.6427	7.56352	32.7023
17.8109	40.1209	21.2807
7.95656	29.167	35.0154
39.3559	4.63317	21.5689
35.3336	6.86911	22.4481
36.1983	45.7086	35.5822
30.7514	39.4154	13.9242
7.84347	16.891	17.2669
9.64327	4.94313	38.0984
19.4587	23.0813	8.70986
37.8659	30.1277	36.5772
41.6471	37.1902	4.88297
18.3788	2.30589	43.402
26.6389	33.8984	8.36521
4.80117	12.6086	38.2013
2.21212	25.3056	2.34686
23.8624	11.8035	8.49242
18.4358	15.4865	16.4812
22.2832	2.12094	3.70312
16.565	14.7673	13.9296
4.62594	41.6546	22.2957
22.9215	14.3542	12.0216
38.2941	4.62164	16.5572
24.8856	24.7366	22.3412
33.3431	23.5287	22.0233
24.8145	10.4102	5.86532
5.50805	43.5397	27.3888
33.2577	3.94902	42.1426
8.95924	27.4584	22.6329
26.1669	33.0121	31.3394
7.72665	36.2453	34.0454
24.4376	1.18749	35.8012
27.8395	7.75815	46.3233
26.6635	22.0365	10.3776
25.1879	7.15933	37.6069
21.2032	25.8916	32.5235
33.5143	20.8913	24.1343
2.81807	12.4657	43.4869
36.5678	24.7777	4.81671
37.7265	1.49478	7.4421
21.9277	23.8852	17.3917
30.3512	16.3947	32.8758
6.23865	1.20754	42.2888
11.2309	14.4282	28.3583
39.4227	42.2475	25.7534
22.1055	36.5484	28.8734
10.4919	10.23	46.5758
22.2884	42.644	34.285
39.4027	37.1362	41.3357
45.169	29.5747	42.455
19.6908	6.24089	38.8506
10.7969	38.68	23.5274
46.8493	39.4143	42.2281
30.2422	25.7132	7.35532
26.9217	18.9338	29.6516
12.3852	11.8222	38.6359
36.2465	6.66818	44.3748
42.3197	12.4081	19.0697
0.831852	6.98942	14.5091
17.9708	37.5646	18.4611
16.2796	32.6933	6.69125
7.32528	41.3789	15.3076
30.7034	34.4481	41.7157
11.3877	6.29107	32.3323
29.9372	45.1342	10.7731
16.0105	43.0483	30.4952
28.9058	35.3736	18.1702
36.5478	18.9603	2.9924
15.3855	19.0509	15.444
10.7792	24.5102	42.2186
12.4661	3.07743	28.1387
32.3476	4.6764	40.0038
35.7152	45.6399	13.7251
13.0767	21.5488	29.0404
32.3945	36.9467	18.7549
44.0703	23.5164	3.3594
46.4087	46.375	47.1905
14.4825	42.9847	46.9439
24.8995	22.0494	38.6863
34.8661	33.5735	24.751
29.0336	12.7843	15.4545
45.865	19.4736	38.135
21.2044	46.2413	18.6797
8.69782	24.3525	34.5739
31.8568	16.0691	35.5562
18.0686	28.5841	11.6112
32.7943	5.19447	13.4911
45.838	37.9322	12.4172
30.0208	34.5135	7.85091
0.33821	19.1791	45.4309
41.9556	30.188	12.1316
46.5177	37.2757	25.5918
44.5001	24.292	9.11306
16.3237	19.8145	7.95659
29.6754	34.8264	25.8032
9.47597	25.71	1.71309
41.492	28.0118	22.5951
4.98708	21.3656	17.3878
11.4824	40.8913	34.4322
10.6341	40.9449	37.6244
32.3215	36.9143	41.208
23.046	29.0977	3.90428
45.501	39.1265	20.105
27.3939	24.4803	10.7431
30.7005	33.2285	33.0272
1.37925	1.22118	35.5011
36.717	29.7427	33.7216
11.4266	46.0394	23.3522
29.7766	37.6502	41.5475
16.2312	22.5887	39.1373
13.872	27.4066	2.25182
31.7111	22.315	17.458
10.903	27.6732	44.0675
22.6182	15.3427	6.97143
42.5144	27.1086	44.6069
24.2327	4.38026	19.743
33.6712	14.8694	30.6499
33.0105	4.5889	32.8703
8.81995	46.8768	30.067
7.60562	32.1538	4.97296
20.076	13.2598	29.7834
9.53764	23.5007	22.5737
22.4627	45.93	26.5588
9.06718	0.584997	12.5138
1.9114	22.6638	26.5209
34.5287	27.9531	28.5221
8.25177	33.7659	1.40201
6.20493	0.906053	26.6359
30.5325	42.0229	27.305
40.6506	1.48382	12.1118
43.8021	0.503849	17.7289
32.2133	12.5112	5.62989
14.0951	0.703583	22.803
4.40756	6.48183	28.3285
10.777	34.4186	17.2477
17.6163	27.4979	25.8151
20.8468	31.2895	17.9874
33.4516	5.22865	21.4799
3.66989	24.5003	16.672
19.5145	17.4625	39.6583
35.663	18.3027	44.6708
12.6995	7.38257	12.9186
7.55395	13.4978	17.5953
5.66114	20.0308	8.89396
16.0932	17.0615	2.78478
19.3827	20.9304	20.9903
35.737	35.5597	29.778
13.1649	40.0644	15.9541
39.5399	28.9119	44.4087
45.5837	12.4812	20.7041
42.0097	42.3973	42.3034
21.1433	10.4787	25.0231
22.4708	40.0448	17.0944
37.1532	44.5188	7.23202
31.8621	11.7394	16.4746
5.53453	16.5159	38.5187
3.54738	42.7109	24.1691
21.48	4.85887	38.125
42.0672	16.499	38.4692
21.2779	6.84523	45.9984
43.5299	5.22812	12.5607
35.6681	9.74842	25.4442
19.4621	32.817	8.64009
45.3756	8.1415	21.7031
24.9668	21.0156	36.3601
27.8186	34.0872	19.3578
27.0879	27.8574	25.2374
36.3171	11.8012	17.265
24.285	33.3473	46.0708
32.8718	34.0272	1.2754
2.56764	5.08466	9.11596
17.7916	47.0749	6.95471
44.7956	32.582	25.6598
6.64378	12.066	29.2967
43.8652	21.6244	23.9809
22.0055	8.96245	34.2213
5.89621	5.33112	44.1215
33.2155	3.05582	42.6848
11.4438	4.66042	7.5211
27.916	17.7076	4.21103
8.09268	3.77933	22.7513
33.443	2.90261	16.9796
42.9666	25.8623	11.611
29.7409	3.85933	45.4809
32.398	0.710047	37.0266
40.5623	27.9977	21.7542
33.2859	6.84953	23.8611
37.347	44.1657	21.2453
25.6324	19.4065	43.6347
18.6796	6.15175	4.19891
40.4149	5.51119	1.95192
42.7437	9.36082	25.9043
10.1225	34.2698	18.7522
46.6216	37.2365	26.7713
40.5479	22.277	39.6874
5.57537	42.0122	37.5974
3.1385	15.9546	0.0663438
29.2268	2.32781	34.1502
38.3354	37.1558	40.7412
13.6269	15.3398	5.33581
28.5597	25.9947	18.7626
32.3156	32.4966	5.66219
37.6571	15.5845	11.7264
34.2076	11.9353	3.65931
35.5871	17.2222	12.8092
10.0334	46.3064	26.2629
41.6129	29.9802	13.1386
23.1251	37.4461	10.1612
23.1994	10.119	22.4602
3.63926	29.0718	40.1883
21.6993	9.17319	35.5515
33.3418	1.2943	37.0824
33.4501	27.0449	12.153
27.8893	41.136	40.5634
0.25318	6.35236	23.8244
35.4702	35.3613	47.1597
16.0512	18.9327	11.1511
42.5931	27.4157	13.643
2.20335	19.6801	15.1984
36.933	25.1719	21.7755
14.2382	43.974	9.93871
13.4992	40.8225	11.4703
26.101	10.808	35.5614
10.8888	24.4915	11.3772
19.4458	43.1269	29.0381
40.7636	12.6166	30.9028
33.7236	44.405	30.3827
26.3851	17.2579	0.13348
24.5566	19.1256	42.7959
37.2157	8.3869	38.9696
28.081	6.87417	13.0086
9.20389	32.1546	17.3142
2.38198	0.464769	21.8384
32.7299	8.14544	40.7149
43.2005	39.2521	8.24675
43.8317	26.3452	8.00487
38.623	9.70648	28.6859
21.8638	34.3177	21.4203
39.6185	27.4644	28.8843
6.10223	21.6686	10.8905
5.74899	33.1136	36.8025
3.37968	9.42611	37.4339
40.9186	21.9791	37.07
13.6652	44.5956	24.2041
43.509	30.4809	24.799
32.3959	13.3111	42.619
38.706	35.5249	10.3487
11.1417	26.9082	28.5679
21.4969	5.72898	27.26
40.138	25.9195	29.4507
35.4657	8.14827	40.9982
36.9353	16.0306	2.9573
39.1437	26.9972	13.4324
4.1936	45.5858	1.53316
38.7194	23.9536	34.9027
34.8544	25.5085	12.9678
31.6816	46.4466	22.5865
1.08522	16.4561	25.6822
6.10237	23.9209	4.01475
13.7767	29.8658	24.9567
39.9763	46.4373	7.18759
40.4886	16.6866	28.9813
30.7646	24.0478	12.4767
38.8885	32.9537	40.2196
29.0036	27.5592	17.6113
38.4464	15.0575	29.3086
8.35033	37.9252	36.0188
3.46173	19.4194	24.0535
14.5441	40.8274	46.4106
31.3797	24.3729	1.11429
32.9622	42.6902	6.65484
9.11399	31.9323	11.027
33.7723	14.324	23.1158
22.5375	28.3508	8.71298
43.0998	46.2785	30.1486
10.5397	11.1737	44.914
40.368	20.2005	26.999
44.3403	29.2425	29.1578
23.2252	18.7834	4.73066
7.6762	38.1666	34.1118
6.58624	36.3689	34.067
10.5055	3.95375	27.1328
26.1672	37.2334	22.8054
45.06	39.9162	27.7046
5.96474	24.0717	37.1887
26.019	1.44797	23.249
42.3393	11.607	9.7338
15.7073	46.0933	32.0227
18.9266	3.41103	17.0655
22.9988	38.7477	26.8793
14.0044	34.0273	3.89167
22.352	25.9175	42.2373
42.5674	21.1097	12.758
46.734	37.2014	4.90637
33.9407	11.4679	32.3944
34.6648	0.93906	14.8728
41.3041	33.0796	32.6267
20.5256	15.6315	45.8954
11.6696	22.9224	28.888
20.0677	14.2624	26.4129
13.3493	23.8731	3.35186
13.9617	24.0627	27.2939
42.6878	13.5981	3.46353
2.49173	3.94429	9.87025
43.0704	24.5642	5.74477
9.39135	19.7367	22.3321
21.9353	9.64163	24.5525
44.1046	32.7921	15.2986
22.2762	26.006	19.1359
27.4021	20.8034	10.7848
23.5217	46.5631	44.2582
18.0668	46.2714	5.3631
15.0222	2.22779	5.5692
32.7655	39.8713	29.0062
23.3445	42.4555	27.5374
28.3352	28.9474	27.4548
9.30741	25.2382	3.72429
41.7744	5.2996	33.69
46.184	0.0611817	36.8855
28.7491	46.8708	23.8573
21.239	14.3882	17.2767
31.6229	4.2299	41.9464
16.9857	3.95512	3.01546
25.2334	17.2654	31.0479
17.6584	27.1785	39.1042
23.2405	40.4094	7.50834
2.2416	1.62915	47.0032
29.231	25.7097	44.3091
23.5137	4.97113	36.496
45.9777	24.9346	45.7569
44.2997	8.08446	7.26332
38.6321	20.5117	17.1681
0.815313	12.2722	1.71208
24.4052	23.4537	35.6376
17.5447	4.66947	18.0237
29.1707	4.17681	46.6318
19.7141	20.3108	40.9507
40.6588	45.3259	22.9487
45.9359	30.3055	3.4171
24.7202	30.34	17.4436
4.22096	33.2694	12.3418
38.5364	16.788	32.6336
42.1525	33.9723	23.2158
3.80612	0.919392	14.7838
9.35403	6.24975	46.0117
29.6251	39.5701	17.238
42.094	43.3465	38.1678
6.65398	41.8553	43.4179
11.3477	42.1819	9.62749
22.9356	14.3665	29.0786
13.9693	9.84467	38.0476
15.6885	13.3239	21.8098
23.6365	40.3599	26.4518
5.96373	7.04252	9.96516
33.1334	39.9434	11.8257
3.20766	45.2974	15.6444
26.502	46.3022	3.18951
23.6198	41.5183	44.0421
20.7914	44.3226	13.8914
23.0024	4.41089	15.282
25.7245	9.19063	45.3781
3.94824	29.0416	5.80131
15.4902	31.3016	32.743
39.8656	26.2407	46.1961
13.0204	17.961	14.209
26.4104	18.3695	34.5482
24.6281	41.156	44.8456
23.8169	3.19497	20.8419
44.092	9.90284	24.3283
6.19449	14.3194	41.0397
26.0325	40.2532	26.1775
21.1476	36.1219	35.7137
22.0277	4.97122	38.1295
23.7214	2.79953	31.2275
14.2726	8.9608	6.51969
3.74035	28.5094	30.2589
22.6583	28.313	34.6545
17.0075	40.1605	26.4108
24.6935	6.25954	21.8284
6.0161	37.4826	9.91062
13.3757	42.015	36.4102
19.515	25.3461	21.803
5.01279	28.5879	28.3621
9.49676	44.724	9.91911
14.5131	39.1004	7.38997
42.821	34.5519	40.2939
2.44536	27.1182	17.6278
31.4777	18.0856	31.0374
30.9329	19.9506	29.5244
0.110984	24.1521	19.6991
4.36302	13.2808	5.61576
12.7125	36.8204	21.6282
40.099	30.6106	31.8782
46.3381	39.235	2.86014
11.3622	3.7511	20.3378
21.8318	16.4279	23.9182
5.98338	6.95637	25.4434
5.34581	7.66698	24.8357
36.5502	12.623	42.7267
6.71536	34.9247	26.99
33.6356	30.2929	27.7652
33.6022	34.3697	46.2347
2.06263	14.9469	11.7461
34.7488	43.9917	23.9231
40.508	13.1787	36.3652
18.9861	12.5968	27.4985
35.3594	15.3772	21.691
10.9158	7.16907	12.4848
33.5903	24.1288	4.89688
16.053	1.84246	44.0755
15.9035	38.8146	19.292
7.63011	18.8787	0.751851
31.4761	39.1218	36.9935
4.03237	26.6522	21.7083
17.5387	45.5605	47.1365
4.41983	23.8858	28.2684
40.2372	40.4467	20.7234
34.6556	35.2231	37.5401
31.0368	20.4519	4.25653
17.4306	22.38	23.7639
9.53786	27.2771	43.7108
24.4455	39.4623	46.1003
8.21003	40.3835	44.4401
6.09245	46.0839	15.8863
32.392	41.965	45.5903
28.6165	36.8665	40.0124
38.4565	42.9868	35.8185
36.3933	18.602	24.0129
40.2452	33.1985	47.0012
42.5345	33.8201	14.3972
26.032	30.8855	25.7488
39.2128	7.06714	46.0744
46.0473	15.8672	41.1494
29.3358	40.3931	16.5136
0.926643	42.2252	28.1751
28.9362	27.6265	15.0819
14.1695	22.6286	0.753969
19.8686	19.608	30.4801
11.1497	19.698	33.5256
21.225	15.7017	45.4265
14.021	29.0638	0.101627
8.50571	5.74096	39.7378
2.62545	32.4473	26.8769
20.7386	7.11436	37.1161
34.3431	23.4363	27.0366
14.4037	40.3173	18.264
8.84043	13.4985	28.2603
45.2346	45.8838	5.8753
31.498	29.1902	0.0866284
39.6852	15.773	16.7623
25.7035	33.3683	21.0309
9.57561	0.885182	6.32724
26.6504	38.7383	11.0204
17.3141	47.0692	6.27426
33.0775	44.7304	23.764
11.662	37.2262	42.5305
14.0409	33.7428	36.4867
29.9026	30.6233	10.2151
32.032	34.4441	21.7744
42.7674	30.4017	14.9486
40.2494	10.3258	4.92983
3.35998	8.80841	41.8078
1.28485	19.8634	27.7617
21.9966	0.791274	33.129
13.2701	14.0065	21.2297
46.5423	25.0565	18.302
33.2403	41.7544	46.9509
0.685205	44.3761	16.314
45.0101	3.87919	1.48196
28.0552	44.2408	8.36067
22.8529	40.2783	23.6401
5.18077	19.2848	28.0635
42.5251	17.966	4.01575
30.7116	31.4954	32.9796
3.56835	17.4662	6.91875
6.96923	5.55929	7.77309
14.1887	15.4426	33.6932
5.68329	14.6689	12.557
19.9565	33.7918	10.3583
31.6649	1.55358	4.27067
19.0796	25.8597	15.0926
6.26721	9.05794	34.0037
32.2777	9.22179	2.5483
10.3841	40.7616	26.2752
11.0565	10.2659	35.7242
8.58332	35.4552	20.4011
0.630124	15.6138	32.1974
29.1218	31.4051	25.4191
22.2071	45.2071	8.9629
41.7604	7.24484	11.3078
32.5997	38.6672	43.7595
40.1069	22.5166	6.69803
26.8081	44.9062	3.12333
44.2392	29.0496	45.5436
0.678383	24.1514	6.74968
45.133	38.9942	16.4822
39.8042	32.9699	30.1396
47.1522	31.5344	26.3728
0.0346228	15.3939	18.2763
26.312	16.8099	23.5303
0.889137	25.5851	26.1971
20.7721	4.66989	24.9702
31.1514	10.5813	3.25264
46.0017	3.86605	16.677
9.29021	19.4423	30.5558
9.23341	8.92966	2.448
24.2599	36.5811	12.408
17.4193	20.6928	40.5564
24.4164	24.049	33.2834
11.4599	40.4181	13.0049
41.0046	2.42589	30.3823
18.9804	10.2326	43.2704
33.6541	10.2406	35.1927
45.6589	2.35399	2.18088
19.5679	17.962	30.7823
38.6388	38.7796	44.4771
15.5262	23.8425	8.65048
31.1693	27.724	1.22834
14.3118	7.10737	14.0162
42.3847	17.8649	4.77691
29.6569	7.67126	2.21545
34.1493	24.3606	29.8969
28.462	36.1014	22.1747
19.8147	11.1622	40.1487
17.4427	37.5368	23.0983
11.0704	9.22363	33.4798
7.97694	41.2695	17.4515
42.914	38.8842	9.01013
33.0142	19.2722	5.5382
31.0056	14.6895	28.6983
42.0277	14.7733	21.2215
3.93648	20.1415	28.2259
33.8103	39.032	37.3277
2.27289	8.07696	22.684
35.2195	23.6855	13.0131
37.1071	24.7476	18.6536
41.0898	18.5347	26.0318
27.4523	13.9876	35.2163
17.5936	23.7364	19.1966
9.32518	40.6325	28.2876
32.5379	40.0567	28.453
26.6463	16.6536	40.0062
28.8447	47.1806	36.2848
36.8751	43.3334	6.66532
43.5883	41.2927	29.2824
39.3963	23.0356	43.0468
5.55179	23.4258	39.3722
43.1719	31.0622	22.0445
3.84025	7.97197	4.87123
9.9014	0.145276	33.9861
20.0059	14.2043	41.0818
25.3037	18.4247	18.6243
21.5646	11.1921	23.0675
12.5066	21.8974	32.5128
41.939	34.1991	10.9922
15.4906	38.5666	5.717
14.7243	46.8969	36.8575
31.6435	19.7686	38.6128
26.6572	12.0629	25.1701
38.0414	6.76874	34.9982
34.0202	26.5589	11.8881
14.3235	14.7154	39.3841
7.45572	14.8785	43.2929
34.1901	1.52118	26.2036
35.577	36.5258	26.0525
46.1356	35.1139	42.853
5.46151	16.7137	11.3097
17.5578	35.9721	20.6535
40.0024	12.1883	7.86316
17.2896	12.8029	45.7857
8.02525	3.45606	18.5487
24.5173	20.2371	29.2624
33.7193	20.4729	26.8441
36.6594	5.5358	37.8776
37.9881	7.19704	10.421
46.3857	37.7349	1.6265
2.36255	4.34693	26.152
17.5136	1.30681	11.2098
37.5547	40.5978	12.1385
20.718	39.3662	36.1509
4.23803	36.887	6.90557
21.5558	3.66045	7.43061
17.6528	26.9555	20.0112
8.92284	29.4902	39.2394
30.7759	26.2515	37.6923
39.8835	45.2877	41.6111
46.9434	15.6684	5.99358
36.6389	38.8838	2.57309
2.26469	11.9112	24.2992
37.1045	28.5244	47.0484
33.4783	28.8425	10.8528
33.5275	7.299	24.5313
18.9248	19.742	16.7082
13.3874	2.51569	28.9408
10.4128	2.88284	15.1755
29.9751	21.6973	22.4508
33.8591	8.51092	46.0409
1.92172	7.2586	6.44183
16.921	2.20634	22.6543
8.4474	17.1842	36.3543
23.8757	46.9808	31.7425
30.826	17.0744	31.0599
30.4801	11.4616	20.5428
20.8212	25.9795	46.6497
36.0579	0.125214	27.2614
15.4997	2.87856	37.6428
10.8182	18.4289	40.8912
32.6184	23.8999	28.3623
13.3826	15.592	43.021
43.9452	44.4368	44.8629
31.8793	16.6231	0.652276
10.2437	40.8726	3.55869
43.8722	46.1698	43.1238
24.1788	42.5201	27.7222
18.1638	23.1991	5.53602
41.593	25.9024	24.5285
19.189	23.1276	30.8225
5.43443	33.6903	4.56679
38.9816	40.9715	13.1581
20.0625	21.3687	22.1958
43.5395	24.4101	11.6524
18.5788	12.0531	0.958772
15.7052	9.71193	25.8201
9.99176	8.01204	17.4636
10.9982	22.5915	37.6394
0.823895	14.8894	36.9823
4.79448	41.7451	32.2285
32.8037	21.632	9.62324
45.9172	47.1681	16.4914
6.01891	37.4959	43.5786
20.9587	23.8258	10.3434
17.3738	12.3802	22.7755
14.1871	36.3462	29.1657
13.6086	37.6389	39.5134
8.75896	13.2302	4.16225
37.9812	33.1785	42.1603
24.3934	14.5414	41.9758
38.9346	6.00515	42.374
28.1344	7.14049	4.11637
22.2373	33.3591	8.80577
44.7113	31.7884	0.40324
26.3186	32.2281	24.8289
16.3625	10.3184	22.1026
35.4578	15.7796	33.8254
8.41265	46.7122	1.53365
47.013	6.42625	38.3333
2.72904	26.7443	11.8752
32.1773	21.7231	30.4431
3.51344	38.698	41.7005
38.1633	25.817	6.53203
22.2856	43.5671	15.5708
17.8405	18.4755	21.7124
39.8784	5.29513	5.75421
26.4303	22.6443	28.3344
16.1783	30.0061	22.5291
27.6667	30.3633	30.9408
11.8175	7.03489	23.3449
0.699276	44.8262	27.3414
39.2059	32.7261	38.5125
40.8877	20.9253	29.2948
11.5525	38.749	2.10168
10.3312	1.46807	30.6503
39.5606	47.1673	3.18287
6.43771	42.0419	16.3034
7.93402	28.0797	31.7256
31.2013	0.269218	39.8599
26.2335	18.5142	11.6148
0.0396314	5.15444	1.70047
18.1624	46.8117	21.5475
6.94603	40.5054	16.0489
27.2885	46.5238	45.2145
40.1352	26.0519	34.7723
14.1211	12.5596	15.6206
4.60984	7.07146	24.3006
13.1054	31.9383	17.3412
30.7702	24.3617	1.27526
0.280209	35.7496	11.3561
41.2562	29.9867	26.9562
32.8413	39.5944	0.919796
21.5752	46.9366	43.1404
19.9557	19.9279	24.8787
4.3541	4.91015	3.08811
18.8177	13.815	13.1679
42.1918	33.5343	26.9953
29.4202	41.6696	37.9882
8.45178	43.5774	0.860579
17.711	14.7289	29.9987
40.392	46.196	12.3486
11.5547	28.8214	34.6277
38.6299	31.3474	46.9528
32.8445	46.6931	10.9909
40.6425	6.728	11.2816
16.8852	15.205	6.43283
7.25786	41.2614	23.6884
15.7427	26.6731	42.26
0.264663	10.5254	6.38225
7.024	29.0572	31.9984
36.4677	42.3452	16.0066
24.2549	47.1413	37.236
19.2155	43.0137	16.1946
21.0304	1.32629	8.24058
34.6515	13.3612	34.2954
25.1004	0.0757969	46.4775
22.7572	38.3514	23.4445
23.3231	13.3954	42.3478
12.4145	32.1591	45.4366
42.2744	5.29552	12.3704
0.331744	4.91741	30.5963
28.5906	25.3866	42.7319
0.780325	37.9517	9.49304
29.3653	15.9562	27.8983
4.60741	13.5499	43.4569
4.83847	25.7117	30.2064
38.2415	17.212	31.1341
2.33461	6.94461	16.7606
44.0208	39.9578	17.7555
6.53694	10.3429	8.61721
38.554	30.0393	13.8035
8.7983	13.4584	15.6195
33.2111	24.179	45.5051
13.2662	43.4395	43.7076
16.2294	40.2365	29.3701
3.19216	20.8726	41.2515
45.6124	22.6597	3.90271
19.1111	35.042	14.9054
23.3494	29.2044	3.1951
23.0662	37.3639	45.0284
27.8121	18.4108	20.6597
3.67775	14.9665	10.2452
19.1543	6.15895	30.7664
7.92558	27.8867	44.5818
28.4593	38.7949	18.9961
38.8856	32.697	21.498
24.0687	33.9255	39.2589
26.7031	27.9099	10.7815
15.4003	31.9317	0.853039
32.6141	45.0973	4.70267
9.3827	16.0691	36.0683
32.7684	41.2823	44.1423
5.19532	27.7337	23.1141
41.4238	14.555	35.2832
8.01561	30.3162	41.7458
43.6265	23.7974	5.98607
4.8041	14.5942	31.6806
29.6801	20.0708	19.312
12.4746	4.69925	46.2814
31.5858	41.6884	23.615
9.61654	27.7527	11.8609
28.6657	14.3727	38.8109
4.1727	24.8316	14.9026
23.1595	1.43459	34.3547
30.1724	32.1433	15.8939
17.7716	41.1688	25.4743
6.15427	46.5488	40.0757
16.7298	46.1762	10.3354
24.5101	40.1122	17.332
16.9597	39.2612	17.9006
38.3687	30.4978	25.9074
14.0659	28.6338	43.9826
12.4499	13.299	27.8812
47.107	27.2147	33.5597
28.834	10.3169	43.2175
42.2423	33.4416	26.009
23.2296	47.0647	23.9099
8.27174	39.0638	5.95832
10.5553	37.07	15.2946
1.24078	34.5652	26.8479
7.04231	6.38788	7.22191
3.55776	28.3217	38.5017
47.0516	39.9112	37.4456
1.55718	17.5119	20.4513
42.0227	24.8524	33.6713
15.2629	34.7923	19.7763
26.418	4.40824	17.8621
4.50725	29.6385	28.8815
6.09121	25.2594	28.4999
12.2256	21.2526	6.54652
29.6712	11.9088	31.837
14.6618	35.3861	38.4579
20.0795	24.7941	45.1016
30.5826	34.9784	31.8193
0.746168	30.3782	44.5077
9.76873	36.38	30.3968
26.8573	23.1994	10.2066
30.6962	7.34337	14.9128
5.52892	16.6634	16.2345
30.4028	33.023	25.9478
31.889	38.2503	24.1551
21.2922	12.3294	19.37
43.5095	39.1758	0.191978
16.347	32.8348	24.2734
27.6842	40.2908	44.499
5.58607	32.9472	26.4146
41.5837	10.8035	7.69068
45.4565	46.439	36.9313
43.0861	4.39556	40.9215
22.6515	7.63868	21.2432
37.3512	19.7003	23.5788
14.0969	30.24	35.187
44.3023	4.13063	25.7662
2.10534	24.6776	23.1173
0.336696	40.9429	4.07883
4.99385	40.766	5.19784
22.9035	41.2567	38.1407
22.5868	7.05819	37.2227
31.1414	31.5025	10.4738
36.7877	38.4797	7.53639
1.621	4.35009	32.0188
1.76187	11.4919	11.6229
41.2931	37.0588	14.6505
33.6679	5.71969	12.7298
43.9144	46.3609	46.2734
38.2122	44.7702	30.6657
15.3547	20.3389	40.0781
9.91915	15.101	4.9502
15.3243	29.2417	17.2108
10.2719	42.4781	30.6006
6.32499	36.0285	25.2522
2.30814	34.0423	20.1502
32.2371	35.6599	14.6475
31.3983	5.03813	29.6153
16.0106	43.6528	39.7398
36.9458	4.76388	46.8357
46.803	17.3076	32.3885
30.9136	26.4901	34.7714
46.9031	46.1937	21.4452
34.3351	30.9081	28.1573
13.1917	17.3287	9.50187
36.0482	24.8753	40.4355
22.2403	37.0823	31.6596
6.64473	28.044	45.8978
3.83917	36.9653	1.28186
16.8131	29.9436	10.8376
14.0667	42.8288	22.7518
40.8167	7.60645	46.0329
9.00812	46.4341	0.681158
23.5757	8.72919	32.1854
16.6359	26.7205	36.6743
20.5178	25.902	18.6313
43.9911	12.9045	6.52121
29.1393	42.7746	10.2735
21.9983	29.1723	30.4692
16.4435	2.26238	20.407
5.51449	10.1927	33.1428
8.41376	18.1549	15.2537
21.8918	33.6169	45.6828
26.2225	22.3215	33.055
43.5623	29.5963	28.1712
11.8834	28.9069	7.20389
31.0942	41.1676	4.79506
4.33839	24.1584	31.1421
42.718	2.4274	8.44116
6.6018	14.5938	25.5137
6.20661	29.1145	3.7635
39.9523	21.3273	35.8156
34.8438	35.2533	25.5447
8.05035	0.434281	28.7339
26.6312	46.0902	28.1451
44.0943	1.67895	34.2288
39.0319	36.445	37.9737
1.41503	36.1309	45.5616
19.2716	41.8302	46.1803
32.3429	19.5351	32.287
23.9301	17.7129	46.6772
27.2135	13.7945	47.0579
5.27913	20.1413	24.1439
22.9766	42.4499	29.4599
1.68565	5.19291	34.5373
30.6217	29.9789	37.226
40.3668	0.572708	42.0154
43.3239	35.3344	20.0014
34.1373	11.6479	36.3442
42.471	5.55866	44.4571
8.6666	18.8032	6.95817
8.50206	38.7295	5.00436
28.4924	28.2818	29.406
39.9888	19.7673	17.9701
25.8913	27.6726	35.4206
4.73271	42.188	16.9308
25.9129	12.8591	45.3078
1.99859	24.5015	37.7843
28.9919	19.5263	26.779
28.7096	44.1198	5.78994
13.1143	39.2926	26.4567
40.2327	12.1248	26.6049
28.5561	13.0103	37.1604
23.0309	11.4935	38.3664
39.791	0.444718	15.3042
22.2517	38.9468	21.3885
24.3667	38.4509	43.4972
21.5649	16.2484	27.5349
34.1678	4.29091	28.7192
16.2791	25.0203	23.4389
23.5782	4.21153	16.383
24.7823	35.6026	42.4912
13.8208	17.2734	23.4738
43.1653	14.1015	12.7078
4.78533	29.6449	41.8604
35.1264	16.8289	12.8475
39.7943	9.09745	37.0802
44.9061	2.63081	28.1941
18.5741	27.5746	39.4501
30.1661	20.418	1.3857
15.29	19.049	29.9719
14.9348	45.3973	43.1572
19.0541	22.1071	16.9295
3.04006	13.8829	21.5579
39.9989	1.43511	43.1006
12.7514	29.0077	2.0744
24.0635	40.3615	6.26537
25.3549	28.8558	45.5302
10.955	3.92123	47.1921
41.3368	16.0526	42.5076
6.43536	2.61568	9.96329
1.66837	45.1564	6.8761
45.5126	45.7362	25.8762
9.19687	8.62196	23.9041
5.59944	21.6705	43.2083
28.3524	35.0929	21.1474
32.5309	16.0859	34.8627
22.8809	39.7922	20.6843
39.31	36.6007	10.4124
42.9394	41.6108	41.1433
21.3242	29.9595	41.8427
20.9399	39.3346	25.5679
20.4879	43.42	46.1177
18.3455	9.3655	10.1567
42.392	46.6966	22.4978
21.3187	31.7955	25.5867
6.07752	31.1152	15.3684
14.0659	29.314	4.37721
15.7261	30.9974	19.5952
4.80094	8.76239	23.6431
9.22722	46.6502	44.5075
6.62485	24.3397	9.35623
43.193	8.26125	4.36602
16.4088	32.8422	8.62844
38.488	6.31619	29.7406
45.3148	24.8045	30.4302
21.5527	0.0056397	0.367875
45.663	23.6314	1.0454
8.14928	10.7438	43.4294
14.7385	2.76392	46.4969
18.4099	5.42544	24.1628
9.36533	7.30694	16.3816
0.249735	42.8701	10.2858
39.7171	32.4261	2.13265
11.6093	1.85204	16.3545
17.1115	40.4586	32.028
14.4935	39.5368	24.8555
38.2158	10.1925	30.2742
43.3776	40.8285	17.1598
2.78001	33.6583	33.6727
40.118	19.6167	35.149
19.4794	41.4594	46.3493
39.3655	25.3126	26.4511
40.3558	4.877	12.3904
6.0789	7.1109	26.2635
4.2587	6.72604	25.4489
3.05972	13.8662	24.2474
14.7512	27.0479	16.4662
6.64241	36.1963	11.5272
37.688	15.8724	34.7108
18.8607	28.0866	5.6278
26.1634	21.5215	40.6389
41.5118	30.4665	18.4989
38.4677	42.7642	22.8581
34.5487	33.0408	40.3958
15.4617	24.0461	30.4455
43.5833	4.38268	13.2424
19.601	7.25895	12.3745
21.7488	37.8332	1.18205
38.8281	9.04795	7.81167
1.72314	21.6006	1.70935
25.7679	29.7589	22.1167
36.352	31.9256	39.2379
4.09303	7.55734	23.286
2.34143	27.1427	4.10248
24.845	3.7659	33.005
5.87924	3.33373	39.7949
18.5346	24.7201	29.3809
42.3654	25.3983	2.31229
9.33231	18.8007	10.7535
16.9221	20.7445	12.1258
43.4501	31.9003	39.3459
26.624	19.4377	1.44847
31.6694	30.3572	23.1871
39.7828	4.62924	2.65393
38.9532	34.3592	11.2048
0.594082	23.5817	15.1014
12.7277	9.20791	5.26094
44.8413	45.6953	46.7681
44.2522	11.154	44.9673
38.7285	36.2389	20.5703
11.6778	20.1009	5.79618
23.5734	16.9775	7.24846
24.8683	17.3843	0.209003
19.2319	34.9787	37.254
38.0097	39.7579	10.7432
32.1127	20.8326	29.4176
46.7381	12.3806	28.9867
27.4887	11.8479	46.5089
30.1332	33.9982	33.2366
27.3951	44.0049	9.9347
40.5033	28.865	11.8724
33.4458	2.43442	32.0595
24.4081	25.5596	23.5141
13.2567	23.9808	19.9819
35.7553	12.9606	4.6323
6.92872	32.8166	1.8986
43.5588	18.7773	43.877
31.0562	14.9108	18.6063
1.11592	13.2103	0.163464
9.20006	15.0578	34.9764
45.6301	37.2474	21.5267
34.1205	11.5788	8.21069
4.38266	12.826	8.12501
27.6912	17.1569	1.51129
1.62356	0.271739	35.026
29.4872	36.1895	39.1676
3.55478	25.411	27.5255
17.8969	23.433	18.1596
0.0188807	34.0713	35.6665
30.846	23.6237	12.8844
45.9353	21.5659	31.9862
20.552	34.5785	13.8446
39.1278	43.0251	18.6673
34.8926	6.12997	15.726
29.1763	3.0834	34.1352
23.5625	23.1846	44.6422
4.96845	38.6446	41.9381
19.5582	43.2648	33.5955
16.3722	32.4115	39.4281
37.9289	4.12873	41.1147
13.1265	7.76992	8.09646
19.9561	27.3204	15.8176
11.4962	36.6272	31.7388
15.768	26.4992	0.197343
12.0953	2.16196	32.1679
5.00221	39.5284	24.7123
39.6285	7.76768	17.7085
18.9059	32.6845	0.704797
43.1952	43.7614	23.8994
19.7402	33.8797	24.7601
40.2131	12.964	14.6207
5.52986	32.4914	13.7468
0.962928	38.3578	36.13
31.5388	7.29585	18.7546
39.1718	26.9157	12.076
9.42263	26.1679	1.82744
27.8181	24.6478	41.6684
17.4208	47.0447	18.7517
37.7667	16.7179	34.4592
40.1201	8.13253	12.5015
30.5362	10.2968	36.7636
10.2225	15.4452	31.5657
33.2167	23.3265	21.8028
0.811833	0.986961	17.3853
16.4837	18.1221	30.4104
19.3622	6.43958	26.2673
21.1885	14.7891	4.21891
46.0674	23.1103	24.2942
46.056	19.5728	6.09313
10.352	20.1281	38.2331
18.7237	39.9942	16.7275
8.25566	4.77368	22.573
9.94596	40.9424	43.4833
23.6776	21.56	27.604
14.636	27.3841	1.7672
6.61692	32.6798	15.8494
26.5203	24.353	42.9551
22.5653	23.2037	36.4812
31.8543	22.4555	19.1682
2.92202	12.7324	40.5728
15.6772	11.5415	41.5883
41.0563	21.471	41.8032
16.9855	1.50659	17.1347
6.51636	42.0774	0.433503
15.6507	38.2882	46.8239
37.5316	30.5039	32.6111
41.3168	10.7241	41.8396
15.5283	10.4526	10.9336
22.764	9.90367	38.2188
13.8965	13.4738	38.7599
44.1746	29.4238	9.29289
17.3251	43.1266	25.3005
10.726	26.6171	44.8421
11.3759	44.8238	34.9461
7.71495	28.4729	30.6621
0.620738	46.6949	40.6507
2.68352	16.9837	17.8597
11.6914	12.7823	30.3475
0.891527	18.5528	45.9817
45.4501	33.7199	30.1347
13.3026	40.3972	38.6271
31.4221	27.7306	17.428
25.1666	27.5498	0.875294
28.9761	37.2091	39.4612
29.0171	18.5407	32.4676
37.4767	4.86553	8.46094
8.57474	32.909	44.3906
23.8392	0.193942	2.14975
15.7589	15.98	2.75706
25.5203	23.9809	21.7491
42.6121	15.8052	38.792
17.5837	46.1196	2.57839
44.0281	22.3043	26.6985
44.7675	32.3078	42.5532
18.036	46.5873	26.413
14.2753	6.58019	29.1724
31.7705	29.4775	13.6844
37.6745	24.6914	18.4191
18.5616	6.59775	40.907
14.7051	7.46073	4.55781
29.6292	15.0326	36.1009
14.3639	33.5601	34.9315
46.5792	31.6339	47.1109
45.6083	1.62318	41.0418
14.2269	44.1431	19.4538
35.9851	2.57758	30.4354
15.5209	28.3887	31.5629
33.5401	28.8858	31.0475
10.9882	43.622	41.8007
22.7291	38.1935	13.6365
35.4554	23.122	31.0457
28.7188	8.57254	43.1872
3.80881	46.0285	29.75
13.9891	12.6682	46.9204
6.40281	22.1097	13.1977
24.1022	30.1738	9.14065
7.85543	29.021	37.4886
15.0093	21.7358	7.60469
16.5083	6.5007	15.0073
34.9838	28.43	17.7169
18.578	44.9303	31.6069
18.9887	7.88883	23.8779
37.0503	14.59	9.79838
15.3612	34.987	35.4873
40.4291	8.00744	34.5196
15.3305	38.4168	37.6761
3.88125	36.1208	18.5744
32.6538	4.04186	44.6293
23.4094	46.2918	16.7976
5.9408	46.6492	28.5165
8.72704	43.3016	38.7341
35.3546	29.3362	0.0704548
3.90086	35.2761	31.8301
39.9084	37.4468	21.2344
32.0516	33.3227	10.3961
5.24935	38.8353	36.749
1.66205	33.4049	23.5647
12.4405	44.192	38.5658
39.4056	38.6207	17.5723
44.2728	27.6644	39.008
12.6153	8.93256	3.91107
18.0021	43.9415	29.3008
18.6696	27.7975	8.852
19.0227	12.4086	28.5276
5.75582	6.28306	39.3448
7.38381	33.6581	30.1731
43.6148	15.1973	19.3788
1.9519	42.3369	17.7119
29.6122	11.3596	7.04284
15.2557	9.03726	16.9339
31.24	35.9743	11.1456
45.474	10.634	38.9959
44.1472	40.91	19.0009
24.818	22.5877	21.5277
3.36697	31.8792	15.2845
21.358	31.1063	8.3252
40.5849	30.2225	25.2728
18.2506	19.8885	23.9969
7.51534	25.4568	42.6753
40.7184	8.94762	21.002
44.6294	24.3571	17.7031
22.8239	26.599	25.3089
11.0639	40.3309	9.68852
10.1858	11.1494	14.3628
14.3746	24.0173	20.0494
37.9245	24.8484	13.7558
9.23608	6.6126	7.37358
3.38665	32.2534	25.857
16.4306	21.399	13.2142
18.369	26.7042	46.0025
17.5046	38.1277	40.4133
26.6332	32.3042	30.0265
35.2686	46.5081	18.0391
4.42536	22.4251	27.6421
40.7011	0.915553	44.685
15.7042	39.7612	19.162
41.4528	29.4107	24.9428
42.1351	25.4167	28.5322
36.5957	20.7028	19.4919
15.4645	25.0077	0.735155
34.1172	2.9475	16.1384
20.681	30.3388	43.8313
19.3037	15.22	23.2219
11.868	6.11931	25.4435
7.11117	30.684	38.1596
9.65654	39.148	4.34516
43.4997	16.7783	11.7993
31.8727	0.689192	16.9744
3.03057	43.1291	19.783
44.9062	3.22752	1.45135
32.8594	14.3542	12.0257
12.1834	19.3348	18.6887
18.297	44.024	46.7716
8.20473	45.8238	35.3185
35.1308	44.0978	12.5038
23.4614	24.0931	19.2075
4.11271	7.94671	5.20469
43.6706	8.21334	1.60117
1.55876	44.0969	45.8721
45.3155	36.7936	43.1619
4.42048	34.8523	36.4399
45.9763	2.42269	23.7624
31.2381	3.65208	8.44316
40.3192	2.50503	38.4909
7.86313	16.83	30.1283
47.0593	28.7613	14.6709
0.362337	47.0124	43.4779
27.1508	45.1457	16.8574
19.5754	2.62664	5.17203
13.9767	40.4883	11.4537
30.4121	0.636632	30.5712
32.192	33.2726	19.1261
4.29409	34.905	24.9398
39.3312	15.1213	16.8421
46.0773	47.1971	31.1347
12.9464	2.07324	4.5078
38.8485	21.4435	4.85746
14.488	42.1399	12.0197
6.19982	9.41672	21.2447
16.1491	10.8896	37.8843
10.5154	28.0246	2.99812
17.0857	32.8601	25.5165
6.74376	40.1496	32.5126
39.0364	17.163	9.32044
8.15256	18.7662	46.158
34.4339	39.286	10.7714
34.1272	29.573	13.3549
23.6472	31.0175	25.4248
22.7117	28.0336	12.4817
28.669	21.2423	22.755
0.801412	14.6915	15.3497
31.6698	36.0058	20.8127
25.3446	44.4369	0.0822256
12.8955	44.6552	34.0442
4.53381	3.98949	14.146
5.05601	46.8909	30.6796
12.8087	1.15593	24.664
29.6112	42.2399	39.497
16.3314	7.02707	33.5489
35.9024	29.5155	38.2361
21.6496	22.3166	44.9294
15.5118	16.6694	23.0409
37.2359	17.8647	0.423723
40.127	29.2975	10.9088
31.1472	34.882	16.6939
10.3292	13.901	43.3386
47.1264	22.3179	19.6737
1.92947	42.9666	26.5126
35.5228	23.385	14.4452
29.9178	2.56963	38.4078
27.6745	19.8692	30.8065
20.0384	41.4444	30.4074
16.634	41.7128	9.8134
31.769	4.33196	10.5097
26.7497	8.07238	40.1412
32.4722	20.0314	17.4895
20.583	36.0498	4.5159
33.4044	14.6285	42.0433
40.8721	42.716	15.4042
3.361	26.0187	43.2322
5.81259	16.2352	41.8263
27.6097	16.7586	10.3983
42.8507	13.7748	46.0981
18.9065	42.3267	35.7179
44.7103	15.0814	6.27115
28.1381	20.8192	40.4579
21.2493	45.0901	26.5985
15.3995	18.4532	24.528
9.85195	18.8105	35.4444
26.7974	7.21265	36.7825
45.3787	13.1057	36.7877
37.805	45.8703	14.1164
28.1841	39.9039	10.2844
16.0491	30.1774	22.6343
1.68825	1.67764	12.2209
36.7493	6.65517	14.6
35.3823	21.7824	35.5266
39.2477	28.12	47.0137
18.1213	17.826	11.0031
10.345	44.042	18.7286
26.5968	35.3946	39.8237
30.8723	41.2878	42.2434
4.38877	21.2148	32.7252
24.6937	10.4465	2.29388
30.5419	10.2568	24.939
24.9656	47.1887	31.4519
9.45331	22.5086	14.5112
6.25573	4.95034	17.5586
1.34128	24.0742	31.863
25.6473	32.7817	28.9285
40.5107	11.3427	6.45981
35.792	15.9392	25.0353
38.3769	27.9845	35.9808
25.8256	8.41507	40.2969
5.64978	17.9144	32.9138
30.34	16.1253	36.0009
33.2794	37.6615	42.6198
5.15669	39.4699	33.2153
46.7388	23.9593	35.1808
35.0227	20.2434	39.8847
17.9995	0.204956	45.6289
17.5173	15.9613	18.815
15.4951	19.0463	31.7381
4.20998	37.5892	7.48226
36.0102	0.994915	9.44763
21.5404	27.9115	36.5067
36.6463	21.3645	46.8389
6.72791	9.79923	29.6503
39.3501	1.50752	32.6491
19.3443	35.8212	34.3788
10.755	42.8313	18.6605
15.3178	14.2677	21.0306
6.01533	24.5783	5.71897
0.559184	3.56266	16.1794
2.11639	21.5568	20.4292
47.2051	24.6184	19.2243
3.06635	30.7652	35.151
5.02097	24.515	28.0021
1.89758	26.2895	15.1792
44.2188	16.5551	36.5951
11.413	7.47209	6.74893
32.5486	30.6351	20.3877
10.3695	30.51	41.9473
31.1186	25.2906	34.1348
17.0283	11.5813	3.09226
41.4337	39.1831	28.0959
20.3117	9.15522	16.7447
14.3014	21.3532	45.1621
8.55784	32.0873	18.9728
25.027	41.909	1.37276
33.8458	22.3648	4.51298
31.5404	34.1757	42.6248
41.1921	38.9893	28.5657
33.0162	4.5873	5.93545
3.87451	17.23	1.99553
20.2762	26.2676	26.0981
8.84686	27.0456	24.4906
42.5157	2.09012	4.93011
7.97623	29.2559	19.7562
18.9765	38.4575	12.4694
11.395	35.5266	39.2329
15.7742	36.4288	1.78665
3.15854	22.4104	15.9259
36.7439	10.6154	8.29304
19.3395	3.15838	19.6075
23.2121	35.7066	42.7224
28.4862	18.1882	8.80184
25.8513	16.4832	8.31059
31.073	14.6728	32.2039
43.5464	46.6252	2.05285
39.5052	12.2629	33.9755
29.1252	41.252	6.12922
3.14751	25.7555	11.2228
20.6763	45.8533	11.5456
16.9344	39.4114	40.2101
9.60216	22.1676	42.7469
15.4557	17.6502	30.15
34.0754	9.14864	0.491189
41.0008	33.0897	12.8442
32.1628	14.2518	37.7052
20.2732	22.6705	43.5792
30.929	2.45001	10.7976
1.97462	46.5551	4.53582
37.7431	44.1067	20.3617
46.079	28.3651	13.5861
37.0782	9.85013	35.4253
36.0795	31.5795	29.6761
46.6448	2.16215	35.3203
18.2401	31.2483	34.2923
19.3318	15.3107	35.8683
22.3882	21.2095	38.4622
45.0706	27.7332	14.2844
18.2884	40.2374	43.7406
4.643	45.1099	28.8936
19.5968	32.0351	39.4656
7.98375	14.0059	12.3323
20.0354	37.7198	29.9237
6.43276	6.05632	5.3405
12.9008	37.9203	0.280441
39.6506	0.779626	26.196
2.98735	24.9023	22.0346
25.2927	22.3377	22.1159
22.7463	43.8454	19.8639
35.6072	25.4614	25.5012
32.0386	2.86137	31.9159
18.6511	47.1748	33.5486
30.9991	46.6059	8.1057
33.6454	5.60417	6.81441
47.1844	6.5828	25.7506
22.6283	43.5432	39.3868
5.13978	38.4335	35.0159
0.401436	43.2156	9.01634
42.946	10.9111	21.7938
39.5414	7.72897	28.0429
26.4403	1.8092	4.50996
28.0379	36.2512	38.0319
36.1616	43.633	37.7621
32.3217	41.4585	30.9757
32.009	26.1694	27.7097
44.5111	20.3246	36.9659
11.6494	14.4685	43.4143
44.9558	35.2487	42.5818
26.1476	38.1708	10.3044
21.6096	12.2322	38.0969
42.5847	27.986	15.0307
3.26621	37.9612	27.2448
19.8281	1.31234	9.68297
11.1868	29.1012	15.1725
27.4325	11.2706	20.8145
8.67224	19.2579	1.22819
11.7037	29.5201	22.6097
13.5265	27.1213	22.1076
25.505	2.66535	42.1862
34.2838	17.6963	3.45164
38.6413	33.9992	3.96692
12.5603	27.9922	24.0269
39.5802	45.1207	21.5171
14.4423	28.7625	35.7829
3.6299	13.4046	8.94607
42.2552	13.4167	22.9649
35.1508	2.46752	21.7932
28.5506	14.594	28.4433
4.46563	38.3015	33.8309
7.44523	27.3413	36.607
21.5468	41.9193	34.041
45.25	21.7924	15.715
32.4032	41.242	27.8067
22.5417	3.51627	39.077
38.659	0.862967	10.6318
1.21681	9.26721	10.4981
20.1345	3.57265	42.5666
6.79799	7.27119	29.1648
46.0362	17.2308	15.8084
45.7792	40.6651	8.87528
32.6012	17.093	13.3009
12.1809	25.5122	28.2475
18.6062	0.0366785	2.73554
41.5591	22.5586	4.9975
7.60525	25.9285	38.9546
10.914	22.8871	1.68523
45.2595	39.8002	13.5277
0.503728	15.6876	44.1912
25.7579	3.64809	35.8592
12.5293	26.5087	17.2692
1.16407	19.9134	17.9066
45.0191	13.304	17.1012
9.76925	45.0024	16.1094
6.15153	0.450563	19.1301
23.6399	1.6881	46.3494
40.4743	13.2696	6.22528
12.4573	44.2722	16.947
14.6187	19.9998	5.89338
4.8904	1.52048	14.5215
37.3811	2.10654	44.9423
44.5063	32.6801	21.2937
36.4016	17.0083	5.64535
37.9198	40.3695	46.0373
35.2347	42.8754	4.99695
45.5573	41.0694	6.31653
35.5074	0.0786867	0.627105
12.078	41.9019	24.3175
13.2263	32.468	45.2675
33.465	41.2159	13.139
29.6028	43.1349	23.0261
25.754	32.5532	12.6622
40.7557	22.2838	13.0235
23.3919	35.5359	7.59582
9.00295	6.87641	3.53476
19.4662	7.73635	10.4818
29.9282	35.3816	10.5432
23.8197	3.4491	43.3042
35.3722	40.8059	15.457
39.998	33.1297	24.0629
30.5453	20.6191	29.0278
9.18345	19.0947	43.6397
9.52197	43.5193	15.5176
19.7888	0.812566	13.3197
45.7029	33.0093	31.4707
41.6281	2.30454	20.7083
18.0239	32.2699	20.1792
0.24599	27.1404	13.3044
23.4669	22.2586	13.0935
20.0336	8.35778	21.5919
44.2309	31.2031	29.9087
38.036	10.1326	14.4345
39.3638	42.8078	1.33581
26.6075	25.6061	2.62912
46.8827	34.392	42.3968
33.7385	12.7652	25.2565
26.5003	18.8201	7.33355
38.7517	1.13248	8.1684
1.75476	33.6722	31.0517
34.9953	33.1003	2.62868
39.4544	7.61341	21.3886
26.1425	46.5053	17.0212
34.4311	38.8778	42.5404
38.72	33.7414	14.4869
22.6079	30.2598	38.3138
5.61288	11.4611	13.3908
12.4668	14.0723	42.3723
46.6605	28.7827	44.1323
25.6816	43.4536	44.7059
36.7968	2.24957	41.0704
22.5939	30.657	9.16503
39.8846	14.941	6.35112
3.10009	31.4066	4.2916
40.3356	42.1526	35.9412
21.5575	33.1119	7.83806
20.2888	1.49387	39.3321
30.4362	28.2346	38.5524
2.25235	40.6705	6.25556
2.04218	1.79393	31.1072
22.413	12.4634	5.45323
19.1772	12.6797	5.48094
12.8636	27.947	20.3893
38.2107	19.5079	0.773355
15.2275	6.86203	45.067
14.8078	34.856	4.13412
37.3637	40.6959	8.35695
7.6467	14.4542	40.0938
37.8432	26.9965	1.79686
33.0845	20.9045	10.5051
43.1646	2.11008	9.92648
43.9345	6.51084	43.7162
20.0009	24.712	33.8846
13.1281	34.6878	10.6466
13.8256	3.56046	26.4074
13.9776	7.75731	32.2148
37.5008	31.9869	31.3722
38.55	9.21152	18.786
47.2054	29.0425	20.8047
32.2477	24.9434	4.69628
43.605	39.2554	15.0724
44.1576	26.8907	17.7226
20.2194	15.5662	35.0113
18.4764	37.2194	22.9287
40.9557	31.5322	37.8056
9.28642	2.96142	13.9201
33.318	25.4014	7.94232
25.8848	12.7924	11.4152
44.0858	0.548171	7.29204
2.00144	25.2105	9.40304
27.3606	31.466	10.1875
40.7383	11.5627	21.0319
27.724	1.10309	33.6058
0.0163324	38.4519	13.677
7.14067	7.22589	23.2771
41.592	8.78265	33.8092
20.4824	44.1894	41.6832
30.2713	42.5518	42.4921
29.5887	41.1918	33.5166
12.6223	31.7872	26.9761
36.7008	40.534	25.4984
32.956	32.6279	41.7912
5.66723	27.9523	14.8323
20.6146	1.26717	5.90162
1.87675	6.77078	22.0509
16.5827	28.3119	15.919
16.1501	29.0815	15.5107
45.4148	7.08947	43.6202
12.0559	1.50221	37.8884
31.1573	15.3231	8.52034
15.6164	28.5284	20.0372
21.868	11.6102	16.9932
36.1143	3.23681	16.0234
22.6517	12.0129	34.267
19.0061	17.7605	43.9413
26.2678	28.4088	38.9346
6.06981	43.2763	39.0365
19.593	15.1759	37.2431
44.3498	46.6358	38.8984
11.5478	5.73145	21.4968
4.79642	27.195	33.1589
43.2485	43.4007	4.63872
20.3938	19.5394	11.2474
8.24724	4.88138	38.8169
10.1655	1.1577	7.15991
0.109692	2.42799	18.4089
36.176	1.39323	0.174506
5.94841	32.9351	11.7729
12.2089	24.0861	42.6585
40.4639	26.5142	15.3053
40.4547	14.0301	40.6219
39.2872	31.062	18.1096
9.62604	45.8961	22.6264
11.2668	4.14228	32.7982
24.2908	37.4916	18.4524
11.2767	28.6048	28.9662
12.4543	41.1032	8.57145
24.7366	22.5732	14.73
0.874971	23.5474	4.88392
34.3155	31.5481	20.9475
24.5683	26.7816	25.6714
13.0832	34.8835	42.5385
7.34285	6.19093	1.7037
25.1972	21.1908	6.6373
44.7993	0.680865	18.6465
16.0168	7.13603	23.6508
43.3517	30.3244	38.3523
38.4508	42.5499	9.15415
45.8936	28.5292	33.4504
32.0805	46.5456	34.7316
38.4285	44.5611	9.44721
14.4287	35.4958	41.6411
32.0321	35.3486	21.9871
29.6351	19.8043	25.0607
40.8201	18.1258	45.5689
46.6793	14.8611	32.9837
26.3661	29.4548	10.4136
16.0521	34.1245	31.8871
5.96021	42.4035	3.75268
46.8097	35.4237	9.55987
19.4806	14.21	43.2519
6.82489	34.633	33.6127
22.0936	25.8501	42.1198
3.73902	6.14899	4.983
0.0689654	26.0784	9.14066
7.99066	35.764	16.3175
8.68079	21.3963	14.1697
26.8155	28.4288	44.3943
39.5914	45.5084	22.7396
24.8718	28.5672	11.1634
12.8643	38.1346	15.2639
5.42617	36.5074	0.350226
32.3005	14.4723	13.7596
26.1285	1.20612	18.4283
31.1145	3.28202	20.4805
12.2573	34.4441	21.3029
3.00691	23.2074	3.73315
1.96294	39.0328	3.56405
39.646	19.0899	10.2657
32.0346	30.4718	13.0427
16.6141	37.754	37.9705
42.2276	22.3679	9.97638
32.8188	38.6479	3.10151
8.02125	30.5673	13.4818
30.8463	27.985	44.6114
6.52611	17.1356	21.8112
1.39616	2.22357	28.9099
11.4997	1.24225	11.9882
43.9028	39.882	19.9367
32.0627	30.5159	45.8115
17.3965	15.5528	44.9147
5.17817	22.8341	7.96125
13.5335	3.32456	27.3304
42.5059	25.7753	13.7655
31.0258	24.291	40.4378
12.8969	20.5693	41.6418
42.4657	11.5362	0.20912
21.1882	11.0242	33.9579
16.8811	39.877	29.1025
36.8923	1.41428	23.4914
8.91801	42.7598	43.607
25.6715	14.6486	3.04598
18.9221	21.5344	21.9959
36.1699	40.6836	37.7048
15.0817	11.4601	43.0891
7.65466	6.58305	29.8924
0.846206	12.1803	14.2705
20.2813	16.3622	5.28097
3.87019	39.0946	4.64303
45.6978	41.9527	27.5312
18.4558	22.1244	25.171
6.82939	15.8147	8.7326
42.2706	37.0903	24.9127
9.16579	5.54009	15.6135
26.2599	37.9851	4.14041
1.45474	42.5304	13.3821
8.63325	24.9539	40.6104
34.212	38.341	37.6711
14.8149	13.0175	16.4514
40.5893	9.3122	11.3945
27.2233	36.9332	29.068
24.8902	7.54022	18.7473
11.3795	9.94058	44.8579
41.1385	34.627	26.698
36.9497	22.4854	2.28309
37.9516	7.78236	28.423
41.7966	1.92799	18.1891
23.8872	4.90704	45.2667
18.991	0.553903	9.22576
22.0367	13.6877	46.2925
29.2571	39.8036	24.115
9.62096	7.63084	31.1066
12.2284	20.058	40.3548
33.7702	25.4782	23.8939
23.0209	32.3885	29.575
47.1957	8.42476	14.3557
36.0106	7.79551	13.4382
6.03495	23.867	41.8778
44.3312	16.7949	8.31513
12.8484	7.79013	17.34
9.97381	36.8276	1.22026
20.0455	19.8531	42.6671
43.4624	2.63108	32.7394
26.9712	1.92452	7.06086
35.0076	3.2296	36.456
33.8785	5.09318	10.7108
7.50209	38.7979	21.2373
33.5051	7.23779	34.4809
25.6874	47.0751	11.1405
6.63167	44.5116	27.8949
40.636	39.8544	27.8076
37.1793	9.77399	30.3928
7.60837	31.0601	34.5237
37.4056	36.8133	42.87
7.31517	13.0997	29.273
23.5156	37.6411	28.6736
5.08494	13.6971	14.8191
35.291	44.8631	34.4556
26.6786	40.1151	18.1451
40.2092	41.4397	45.8602
33.1244	30.5584	5.93539
2.86362	22.5463	33.3349
26.5664	42.7361	22.6832
22.3454	9.39569	45.5003
27.4199	36.9455	46.3235
30.5807	1.43577	6.96087
6.71483	25.9605	9.53123
10.2044	41.1746	27.8259
15.2954	15.6522	17.1651
45.0515	37.6526	34.057
30.9711	2.38959	33.9057
36.4391	32.7191	16.2372
29.6841	39.4816	40.4165
33.2486	39.9474	33.4316
46.3117	21.28	43.3596
21.6851	6.1013	6.01121
2.5416	39.4216	22.8861
33.157	11.2429	27.8518
25.6266	15.2467	46.4877
5.55597	46.3529	5.95615
21.2617	17.8409	25.5196
10.7566	21.7249	13.0736
15.5445	0.790385	18.1881
7.36531	6.07442	26.2322
44.5809	12.2356	47.0907
36.4779	23.4344	41.6953
45.2031	36.8578	36.2993
43.7352	9.46887	0.706877
30.9447	30.1132	29.0343
24.439	26.2177	37.0974
3.41119	19.7109	14.0556
45.0787	23.808	42.9635
22.1199	43.5216	6.83775
14.6942	13.9653	36.6604
22.1117	46.3653	24.8436
27.0659	35.7522	7.01205
17.0864	44.4828	15.3288
10.361	28.6872	44.7392
29.5532	11.6155	11.5581
37.7546	1.50783	37.8894
0.481753	24.0323	36.0227
21.978	19.1388	29.6976
31.2877	36.0276	9.19731
15.9276	19.0267	33.1714
16.433	15.1936	3.80314
45.1578	30.2138	19.6821
1.10313	34.2291	42.7053
24.5808	1.53347	43.8851
25.3612	40.4739	5.93848
7.50973	25.638	18.9719
9.03828	34.0607	45.527
4.30185	23.8079	40.4001
40.5705	25.1229	1.42685
45.8952	7.41097	17.9868
23.8393	1.1169	29.597
39.4625	2.19631	43.0058
23.6342	1.20015	12.499
37.0613	9.33065	38.2345
41.2874	34.385	19.6272
22.6501	31.3252	4.56497
8.41958	21.558	41.2271
12.3691	25.7319	38.8599
25.1506	40.8019	41.8286
18.9436	5.38034	21.5397
17.5683	23.8149	17.036
0.0356903	33.335	28.2807
11.3578	23.0937	28.7948
11.2832	44.1135	40.9699
33.7488	43.2701	29.4022
22.6629	11.3025	38.7797
45.5331	12.4576	1.18256
0.250861	14.5877	17.5907
22.6384	23.5346	27.3662
30.6478	44.695	41.0915
0.00684051	20.5498	45.1249
43.9085	40.9918	24.4275
20.5461	30.1197	44.359
12.5634	33.753	20.014
9.22538	15.6699	29.7783
18.396	7.5846	9.35199
19.1723	25.0666	45.5493
1.09725	29.791	43.2944
12.8354	24.5717	37.4406
12.0493	32.7587	20.7662
45.8553	46.3227	16.6658
8.77024	13.946	43.4145
0.140389	46.264	22.1346
6.99027	28.6785	40.3563
12.2654	29.4401	45.7171
36.6964	14.2934	29.1309
42.1892	37.6167	45.0867
16.408	19.1036	3.85491
18.2682	32.4463	10.0564
8.56778	10.3108	34.8852
23.5566	17.9148	40.9089
46.6837	41.7867	23.2641
12.047	40.3918	42.5467
2.96657	6.18387	24.6976
27.9238	7.47732	0.204623
40.0221	13.4604	1.29036
18.0713	27.636	32.9422
36.3622	14.97	22.3426
9.14894	5.60623	41.4322
14.2098	38.9239	14.6781
27.0444	3.982	29.8633
31.1418	38.3131	40.5012
40.2295	5.33315	31.0696
5.14666	12.5367	9.0433
23.9809	20.6577	16.0509
13.0613	45.7559	27.289
8.09551	4.00428	26.7319
39.2249	22.7889	3.92496
15.503	10.8459	12.0869
2.88706	38.9531	34.326
18.8337	0.382632	10.4333
17.5067	26.5918	45.3695
0.642715	38.3889	39.9187
22.4465	8.96448	21.2152
39.7039	0.415984	4.46625
1.52398	26.1788	43.3558
5.0502	43.6969	25.9687
6.87561	37.1765	10.0659
27.4209	6.16243	41.9323
16.4846	32.951	43.1157
29.7296	2.80657	8.00082
17.7395	21.1941	15.3325
25.3543	18.3601	17.4904
35.4855	9.85556	32.1364
42.5829	44.5475	18.4303
17.1518	11.0617	3.18804
46.0035	34.1761	2.62992
13.19	36.6063	9.79891
24.1917	23.3328	33.9389
28.0675	14.4739	40.3996
32.6246	32.1254	46.3673
11.4448	21.9416	20.9959
36.0421	16.9508	32.0281
15.6019	21.284	16.1674
35.874	24.4361	24.4938
2.48717	21.6686	11.9298
6.49481	10.3479	45.4333
35.21	6.2249	6.11081
24.2277	15.4071	3.60405
3.81467	2.96907	0.860011
8.16558	1.56898	27.001
29.7152	44.2331	21.2911
39.9908	6.63495	5.23307
1.28897	41.9141	41.1946
33.33	38.6451	2.42986
2.66284	47.1232	16.822
38.444	21.3797	18.2281
17.9732	31.2735	31.8631
28.885	16.9966	46.3695
0.435042	41.5237	41.364
0.478158	10.8177	9.66412
24.8679	10.4559	19.2531
13.9915	6.30975	15.9514
41.6607	31.2299	7.38325
24.2664	3.78133	9.07247
42.2151	0.00370154	15.0026
3.29011	14.7737	27.9438
13.3083	42.9546	13.1425
41.6998	26.9198	34.0111
14.7672	13.6858	13.3625
8.6311	36.0294	40.56
37.3422	9.68725	35.9
35.9862	21.405	19.6278
33.4795	1.70469	41.9544
10.0892	40.8066	26.7693
6.59551	3.30047	0.0375875
18.0116	14.6428	46.2599
46.9998	19.9472	19.6761
41.7709	42.1532	46.9591
43.1247	40.2267	5.33285
25.9077	18.6278	33.2164
18.4383	10.2395	16.9379
3.76073	40.4918	24.5077
46.4348	12.4612	15.0449
7.05267	38.8965	26.9196
30.296	33.0627	32.0259
26.247	9.83153	6.06956
38.973	38.0632	41.5365
19.9872	30.6332	34.075
2.79511	4.08831	22.6307
35.5602	38.0816	21.6744
15.2328	1.93603	11.7286
23.66	10.4513	36.4084
36.4364	34.3072	33.7806
12.3508	0.532067	19.8975
33.9316	0.575509	41.886
40.4714	11.5867	47.1827
24.681	32.25	15.8616
41.471	4.894	14.8512
7.96884	46.769	11.5515
21.817	2.94119	4.42535
22.2592	24.7875	28.1062
4.03565	34.6535	0.943004
33.9529	28.1196	41.2599
44.6541	15.8582	31.8458
20.5333	3.84756	36.3939
28.4741	3.15404	41.1234
17.7551	0.16087	12.8162
33.1167	42.0793	31.7286
33.6938	15.9296	5.50746
33.6499	33.4328	19.6775
18.6745	14.7308	14.5988
15.9751	14.5188	39.06
36.5648	21.8925	44.6428
15.0286	15.5543	24.0795
25.4967	4.85248	25.1321
13.1058	38.4784	33.8828
29.3449	3.87219	25.4875
37.8851	23.3219	38.943
4.70108	29.9372	44.4366
41.7734	35.704	46.2845
36.89	10.2607	43.8602
32.4942	12.3949	33.1142
0.541186	31.5259	25.5387
2.59625	13.8211	21.0184
36.0796	34.4574	8.32953
18.7845	22.2675	22.2911
40.5749	4.36337	19.0569
21.2063	30.5577	40.4797
9.83634	39.5778	4.57393
17.3434	19.9345	41.7863
16.4554	13.0686	26.4708
42.3281	10.7726	7.13346
27.6157	22.3058	3.97596
22.8327	31.6999	22.6707
47.1118	13.5934	18.6185
18.0636	39.1546	21.4766
42	20.0659	32.443
1.42029	30.1866	34.9713
6.9614	15.5483	16.7754
10.0998	29.4353	12.8071
21.9827	3.14774	29.7041
46.3627	27.9502	26.6844
43.8116	17.7287	28.3556
41.4955	39.8486	25.1408
18.5144	15.5863	42.5131
5.23037	3.1294	4.70937
27.5642	6.56235	12.462
29.0367	16.7069	39.7438
9.06716	0.200741	21.9887
9.95893	22.8462	22.8421
0.653536	31.4277	27.6107
33.3547	29.9603	8.8535
44.3016	38.4865	28.7605
2.20219	0.0915227	27.5241
40.362	13.1787	34.9645
35.0489	36.212	39.6478
1.34055	11.8708	5.35
30.9259	44.3381	39.8299
40.3707	19.0554	43.154
13.0849	17.2771	39.6646
0.451218	30.1364	41.5403
36.0066	33.5453	21.7433
40.4245	25.6789	45.5534
23.53	43.6994	21.3879
15.0101	35.4792	45.8964
28.3659	25.8073	31.1967
17.2734	24.5867	5.0116
8.58886	34.1501	37.592
6.27955	27.6213	22.8769
18.7539	26.7744	44.9051
31.8576	30.8308	3.89057
3.87925	2.55862	42.2706
36.3997	32.2714	45.6894
42.5004	27.795	15.179
41.4603	13.6693	20.1032
45.3147	24.4583	18.585
21.4495	11.5637	37.9983
37.8849	19.8166	43.7113
31.7194	19.8437	27.3099
29.2251	20.9617	27.8933
13.9934	37.099	30.4429
46.5096	42.2199	33.7935
38.7556	18.9808	16.3704
1.05286	39.1121	14.7722
3.53169	14.973	26.2025
16.3756	41.8457	23.551
18.3432	17.1479	38.6063
11.9924	20.4682	41.7637
14.9561	25.6113	41.9241
19.3213	27.3891	38.6572
17.7925	14.5808	42.6208
20.8683	16.4744	3.03538
29.659	42.5599	36.1458
12.6105	22.2837	11.5762
12.3677	2.20395	29.663
16.1189	22.7797	37.82
14.127	16.9884	1.41416
21.5421	9.231	15.6767
4.04107	31.3392	3.85342
40.4643	33.5453	23.0528
1.23707	19.318	19.8748
29.5298	43.2914	8.45822
10.1266	8.40291	24.7289
34.5674	16.9141	28.4202
41.9903	46.6822	17.1673
34.7153	0.2714	29.3335
1.03411	7.3352	19.2178
34.485	1.60885	36.1931
5.21214	27.2227	26.9666
18.1233	3.47763	3.41844
0.0416195	38.5696	8.59406
27.1196	40.1685	18.5348
28.1832	24.8341	8.78476
21.9844	31.9274	23.7053
16.4018	10.7059	19.0565
14.9148	38.7978	19.3571
14.8194	41.4417	31.1516
13.7685	33.7008	38.9915
18.786	0.162744	44.3167
10.3242	25.2234	38.0687
40.1312	6.64587	47.1859
32.1942	22.748	24.9758
29.8452	9.14277	43.5152
40.2609	13.5094	22.5076
45.2059	37.2006	38.4177
4.10643	43.9613	32.6308
43.5137	15.4383	8.63639
30.4218	21.9878	41.8597
22.6018	23.0633	36.0173
24.5848	21.1918	23.9325
10.991	42.4673	38.1286
8.19816	29.7735	31.1327
27.1776	23.9397	37.1465
25.8104	36.9025	32.1853
13.8146	6.7722	46.0104
8.60182	15.9586	19.9368
33.0059	21.8281	1.45305
14.2706	22.8588	45.047
10.1307	29.52	19.4673
26.3255	7.13925	30.6349
16.7546	38.1724	36.7826
46.3497	45.2698	24.0783
6.295	3.96259	34.1682
10.8702	42.5701	19.2992
33.6549	22.7873	23.8724
38.3665	42.0655	35.6923
39.2093	43.5059	25.4975
17.2695	5.79732	42.7562
31.6323	20.1235	8.6377
5.21374	6.91249	43.2816
33.904	8.46078	5.92928
41.8522	38.0595	26.9104
18.4441	14.0572	23.3383
31.4943	13.9803	6.58305
29.888	20.7471	9.00479
37.6956	1.71826	33.9472
25.8389	44.1691	31.9397
41.6403	17.2766	30.9531
28.8727	46.0796	39.0471
8.34552	4.28988	11.4536
27.5697	4.40374	36.6261
13.5224	5.96879	44.9486
8.34311	11.0045	33.0952
11.3621	1.83277	22.9722
16.9771	1.72292	17.8992
13.7212	42.0967	41.2297
9.73914	11.1833	18.0949
45.5293	42.2668	19.1977
26.8827	25.3222	45.5148
35.0999	44.7362	25.6457
5.88186	0.19385	0.596099
10.2638	0.855128	20.517
12.0075	37.04	30.1235
13.0527	42.177	20.6813
35.2288	39.2344	39.9077
26.2904	31.4546	8.31932
36.1206	14.7991	30.1461
14.6554	21.6361	32.1133
30.9504	30.8712	22.9514
44.2569	43.0565	26.467
24.5836	0.782255	23.1829
16.5431	24.781	13.1347
4.11486	44.0517	40.1924
43.5044	0.293575	24.3406
23.8759	4.10368	44.9878
5.91846	1.62735	16.7016
44.4758	39.6986	5.85149
9.03576	38.9246	25.9653
43.468	3.3677	44.1621
7.83628	37.5664	1.12775
23.1508	44.3234	27.9197
33.7066	43.2581	16.6137
30.7509	30.0754	7.13805
10.3484	6.66144	25.6232
6.37303	40.7819	37.0986
22.5819	18.2793	30.0005
22.4535	31.4031	39.0141
20.0879	23.4435	5.57789
37.1469	32.3199	10.1231
44.2032	37.326	20.6134
28.2099	0.672948	27.2219
12.5758	5.59816	0.0929985
5.11853	11.7906	27.1757
39.7165	22.311	44.1477
1.84145	27.125	36.7178
43.2822	43.2695	18.8399
9.88103	35.4102	18.4173
35.2879	41.4318	7.58208
14.1464	12.3994	14.4836
14.4292	44.5037	36.5083
15.8749	30.1658	15.6255
40.2555	17.3373	11.9269
5.24197	9.28834	35.2135
16.9918	11.799	26.7547
44.9979	33.7373	39.777
1.02917	18.7137	13.6525
20.5034	19.6829	15.5811
1.57102	14.1224	34.2785
24.3921	39.9061	46.2885
8.08503	16.7807	4.7304
3.39803	34.5764	26.8403
20.2827	40.5308	18.5626
23.2704	24.0386	0.0779338
35.1822	10.2979	7.59586
9.75964	25.2592	26.1811
34.3593	12.802	30.7069
46.3275	3.04042	19.9397
35.6717	22.9114	32.1973
26.7342	31.5379	38.5626
31.7834	10.1831	13.0105
41.6514	15.5631	29.5601
33.2845	29.6774	21.6374
7.15168	3.39786	31.7621
30.4597	46.449	15.1296
14.406	32.14	8.04215
4.20646	25.7062	31.2688
1.2073	38.3446	3.39939
10.3298	24.1019	25.7198
23.8682	16.2512	27.7303
13.4568	36.1122	15.9362
21.0989	20.3714	19.5843
9.45808	8.34053	14.8693
28.7264	43.1263	19.6342
45.4947	28.3534	4.31651
34.1141	46.8027	12.4634
4.44345	43.1229	9.40598
29.5194	10.3682	8.33363
40.5507	22.2884	42.3063
23.6375	9.97887	27.4007
43.7314	39.0933	29.6323
19.6835	25.5016	38.848
14.2594	22.7615	14.9656
42.4626	6.06356	32.5228
21.9027	28.536	4.85116
2.92685	46.6466	32.6123
14.325	39.8158	40.3112
9.70115	33.607	21.684
33.8277	0.388274	10.8389
35.6398	6.40084	36.1381
24.9498	17.6837	26.6285
1.50427	25.3357	36.4915
16.438	4.91942	17.2263
35.7382	7.66633	13.9169
26.8858	29.2179	41.3718
37.9962	2.73393	14.5976
42.6001	3.50704	25.6663
21.6396	44.1596	13.7591
17.4052	19.751	25.9035
43.8791	20.5382	38.1184
25.3159	34.6346	12.4209
45.5296	0.355772	31.0888
44.8374	27.3471	39.9528
29.1861	26.787	21.8708
11.0966	23.6157	20.4141
30.6004	2.88811	9.37864
42.2142	32.3556	43.4444
31.5583	3.48573	45.1209
23.3733	7.16488	36.3698
0.765987	33.0224	15.81
25.5709	24.1427	3.27345
18.1075	21.6696	28.3313
10.9303	13.9291	42.5067
38.5352	44.8062	22.9909
47.0603	45.9397	1.35423
5.73712	22.4274	18.926
40.7664	11.7398	23.2848
29.3521	31.4953	30.929
1.92905	35.8996	30.1348
13.665	42.2181	3.16452
28.3903	10.9552	7.93708
32.2843	25.9583	19.2763
25.8476	0.175229	18.0972
37.3734	14.5393	6.3072
20.2873	23.6334	34.5167
14.7475	12.7145	23.323
10.8109	37.3045	37.9439
19.9945	12.0678	13.0278
1.65614	28.4832	15.5162
43.7798	2.41085	13.6005
44.1478	3.45791	2.47339
26.0147	24.1307	36.5027
16.3114	1.39261	36.9745
14.7244	1.36428	33.0092
28.6671	36.4948	24.3425
9.51024	35.1232	10.4448
21.3808	36.8109	3.48257
39.2839	22.8171	6.61192
43.0692	4.30468	24.0838
4.35733	12.0565	11.6662
13.0098	28.6462	15.629
3.51304	32.0574	35.6262
14.8204	10.7657	33.651
5.59925	18.4098	4.45039
18.1095	7.36152	36.6854
17.6685	8.11987	35.7537
32.758	8.40715	1.52519
46.4158	23.8929	5.74452
5.22254	13.0866	46.1799
24.3223	46.8076	0.168899
6.12921	3.02189	38.8397
15.6695	23.4595	39.2033
37.6937	17.1625	0.982811
42.0617	19.2525	3.72265
14.3473	37.7282	29.2392
21.7961	29.4458	0.141549
18.5543	23.943	46.008
15.4298	8.42967	2.35232
21.2571	34.5898	15.316
30.9242	15.2344	28.8975
38.8964	25.1505	39.5996
40.6973	31.2313	31.4621
39.2626	41.4943	19.888
15.8186	26.9212	10.1702
32.2576	2.81882	24.9237
5.30118	12.9752	13.6905
44.7421	31.3931	13.3145
5.57843	46.2977	22.708
13.7589	15.3025	39.5056
18.8274	35.4806	21.5604
33.5518	38.0194	14.849
18.2821	29.6073	23.4731
31.1562	43.7145	39.155
28.1427	4.45789	2.65625
30.8227	10.2247	4.77098
24.5364	10.607	9.21064
3.99246	16.9207	44.0789
25.8734	10.1812	29.3404
22.6647	40.5648	22.7891
7.10062	42.2843	31.0394
16.7079	9.23226	36.7913
3.56799	11.3861	26.4709
42.7925	26.9654	44.7069
5.10704	7.59617	14.9142
29.2098	0.208858	16.797
42.8143	16.5256	14.1988
42.7748	13.5267	30.9787
34.1228	2.82397	17.1764
46.4331	31.1635	24.5791
19.8637	31.7713	43.15
39.9257	45.9337	41.1264
20.8561	46.1645	1.21697
12.0549	31.8656	22.1246
27.897	29.7637	9.0197
4.98764	30.7836	12.5828
29.406	40.5071	45.6152
23.3646	1.63214	2.76663
44.8501	4.9025	16.0906
19.4262	43.5755	15.3807
33.0886	41.8612	1.1174
38.0994	36.9878	1.70885
17.3634	25.5069	33.7177
40.386	38.7072	7.86202
45.4538	1.15035	25.3942
27.8673	2.51095	43.5593
26.3213	31.5345	28.6706
1.61634	20.5633	34.5716
39.5046	2.98606	3.25237
41.4737	4.07407	19.3574
20.7448	16.4919	14.2767
31.3381	33.1431	12.9543
40.2431	45.1751	38.4845
41.9531	35.7425	32.4205
1.95099	27.0845	17.1722
22.8468	33.2602	46.4943
22.1402	6.73335	6.81336
29.591	33.2628	41.8666
44.1873	6.83591	30.9092
46.5192	14.7712	32.327
34.7875	32.9039	6.68473
39.3163	0.516218	36.7745
4.88481	2.05339	1.39169
21.5758	9.98472	31.436
25.3826	22.0505	9.96273
39.5218	7.39503	33.4092
1.20007	11.1796	3.00253
43.9537	45.8059	17.1254
38.9523	19.8007	11.9853
42.303	14.5577	32.689
29.3067	23.4173	38.0035
29.91	12.4515	40.5195
17.6588	33.4589	33.4071
12.8198	46.7799	6.4462
43.231	32.9944	15.961
14.1385	21.4536	33.3713
25.3781	40.3287	20.2907
33.7444	17.5646	7.85874
37.3963	22.211	15.9665
11.562	9.3025	37.2309
27.2307	19.1083	36.428
34.7541	38.302	43.0527
9.88379	34.5755	10.5778
37.4789	42.0294	42.8491
35.0749	0.972817	15.7145
24.2998	46.5875	30.8316
17.1271	19.9899	29.0273
1.71668	7.42646	42.3199
16.1069	10.7985	18.0576
32.7879	39.6628	17.9904
35.8487	23.8751	36.8779
42.6347	17.9883	1.53274
31.6576	20.0945	40.3543
26.3581	35.8846	14.5291
23.9511	39.7744	4.07077
11.2201	22.3475	44.3242
41.9503	34.4604	12.8792
6.23284	45.0588	18.563
29.4329	20.2037	35.068
26.9465	11.4665	8.55274
40.7834	15.091	25.4613
22.2176	33.1563	47.0257
30.796	32.6988	5.14486
29.512	27.6595	3.77954
26.2451	25.0079	3.08799
16.7741	35.7434	1.22215
4.71327	46.0169	24.0089
19.8002	3.86679	29.0929
18.5353	36.4965	5.96136
14.438	4.42105	44.336
3.95733	40.1889	32.2394
27.0411	42.7758	29.2022
13.143	1.61442	35.4218
25.807	25.7761	27.1454
1.65796	11.8057	45.0278
17.6164	28.5483	24.0179
29.6244	28.5667	1.80672
9.89257	40.5338	22.0649
14.9851	40.1692	30.6652
5.38693	37.974	6.06934
35.2583	15.3592	1.12962
7.31497	9.77585	14.452
3.42906	36.858	39.3397
16.5643	3.62418	11.6564
37.6294	21.3863	35.1785
42.2726	22.9189	17.6397
43.0007	32.8033	14.7087
21.186	20.777	38.3791
16.8458	12.7588	12.8517
16.8079	37.1962	10.8203
7.41985	25.6836	29.9111
31.641	25.323	11.6924
29.2998	1.87173	16.7505
16.3881	15.737	25.1702
39.8367	13.4778	10.7449
14.2391	13.1518	8.23822
42.1671	43.2137	25.2797
39.2173	35.4899	35.9354
18.1681	0.854821	15.3495
26.7601	41.9481	45.1953
46.9215	25.0315	22.2863
6.81214	9.04252	10.8814
42.339	5.14113	13.9216
11.3103	28.2808	11.8806
29.0407	37.3647	10.8081
37.7705	32.8144	13.3606
24.0831	39.0524	3.32826
42.2454	37.5601	36.8449
8.65894	31.7843	25.0723
46.519	12.5362	0.598523
3.79012	15.2171	20.4217
16.4614	20.6801	15.4042
1.86536	4.06793	10.6416
23.9535	33.1466	25.4547
6.99786	14.6637	20.2249
12.7858	41.3257	17.8918
30.8164	44.7862	16.2347
34.0229	23.9234	45.8204
24.9961	40.7709	41.2499
18.6084	36.7128	7.38754
2.01225	18.09	11.5984
6.83248	20.4442	15.6388
27.8019	36.5927	17.44
38.9416	29.182	4.1119
41.5382	1.03811	27.3664
33.3328	39.2709	40.3303
0.502948	2.58737	6.24365
37.9235	8.41257	45.5291
40.0565	25.8519	25.4175
42.0773	44.8721	43.8878
24.8661	27.1216	27.0741
31.687	42.6394	3.24199
8.6588	29.4695	21.0952
5.57237	38.8281	10.6663
14.2091	27.7502	16.2932
26.2818	27.7146	32.3752
42.2968	4.16738	29.7957
26.9209	6.15653	37.215
43.3898	9.98752	31.2427
34.0474	11.5346	20.7872
22.0997	33.6651	6.37779
26.4675	33.2567	34.6804
26.9282	33.2173	33.1904
5.95604	19.473	28.4898
30.9314	42.6092	15.7672
13.9507	27.6779	29.8669
43.0249	14.5265	28.0949
2.87981	11.3814	42.2802
8.95618	23.3236	21.8213
29.0942	39.7662	9.32197
33.9576	12.2608	45.5402
36.441	17.0691	36.6181
19.4963	42.2985	33.1629
15.208	9.87223	29.1193
36.0107	8.45799	6.22714
43.8186	40.8475	6.54906
25.1557	33.3653	17.9665
11.8313	3.27515	46.5731
24.7765	33.0918	0.64403
13.281	8.16626	12.9651
34.155	24.5486	25.5698
5.8381	20.028	8.71889
0.66921	11.5967	26.2257
28.8294	27.5978	5.36893
18.5838	1.27825	3.34903
13.593	12.1416	24.7944
3.21428	15.0178	22.6596
3.32854	46.9776	25.0964
27.071	27.1126	16.8084
45.3372	25.1542	7.78191
20.8214	29.5952	10.2416
5.54577	16.6575	11.2189
2.97025	20.7527	7.90658
38.8901	13.9289	38.5935
33.0252	15.7269	43.5955
21.6706	46.0935	36.7834
12.525	2.2108	3.23078
9.1124	5.18732	34.8992
22.1186	21.4786	28.3444
42.3814	10.8083	41.6936
17.152	14.1778	21.5857
35.395	46.2245	19.5724
46.3204	25.9508	35.529
32.9673	32.7692	8.28165
16.6278	31.5509	20.6274
27.6879	8.11621	21.5307
7.97503	9.08173	9.07232
39.6634	28.3309	5.07185
29.8306	1.05744	21.7055
18.4957	31.6369	2.7103
42.2125	4.95107	29.7875
31.4472	25.2523	3.63493
3.46003	38.0289	32.8331
43.551	27.9812	28.4343
42.9566	46.2987	38.7744
3.80625	3.11446	36.7833
11.7721	45.926	6.83537
21.9076	15.5908	23.6246
27.9288	43.842	9.17387
46.9078	30.7668	14.7576
40.4085	39.7671	23.719
10.4215	8.34168	34.2591
27.3849	15.3532	43.2517
2.62172	16.9825	44.6528
40.7932	37.1759	0.589588
42.4717	17.2423	20.2829
44.1443	39.3143	14.7751
5.07419	21.9633	7.84054
14.8464	21.6138	34.2541
39.2579	9.67281	29.2663
5.29975	36.1474	39.4722
25.1292	12.4323	2.07098
13.7086	18.841	27.3399
14.4069	0.397017	16.1533
34.3631	30.1685	14.111
31.0218	4.71433	16.4786
26.7373	35.6505	44.4601
12.9787	26.1362	36.6315
8.92675	0.709672	30.723
32.7159	9.94474	20.3426
7.70619	22.7743	41.4136
32.1099	21.695	30.8997
28.9869	30.6082	38.9246
26.4796	1.00804	41.2583
17.7713	36.7281	27.7085
24.0765	22.1918	24.5237
32.2871	25.912	44.5606
2.62851	36.6227	2.62771
23.3152	21.6759	40.4574
12.149	8.46887	0.204414
36.5139	15.7595	26.1916
23.5947	45.3433	32.1173
3.85241	23.4447	26.1489
13.4428	36.1872	0.905269
13.4562	26.5461	32.7015
3.28227	24.5935	25.4125
6.04517	6.82235	39.1167
44.6245	36.8112	7.7238
35.6143	3.62626	46.4974
25.8434	24.7227	25.2711
36.8413	42.433	27.7056
23.4122	46.6109	46.372
43.7947	17.2388	8.64704
20.664	28.1142	44.4268
18.9144	33.5877	26.3539
11.6363	30.0467	43.7543
46.7229	39.5131	4.3958
44.8727	6.84139	28.5673
12.0143	9.63165	45.6436
28.0696	3.67696	1.71442
16.5785	5.17605	34.2824
41.9784	35.8199	11.3988
4.88828	13.1546	9.04842
15.7381	43.2753	21.6467
21.5977	0.0644975	45.4052
33.8317	21.4702	29.3665
37.6656	16.8428	9.4188
9.10289	34.2307	23.0098
35.1779	32.7637	10.809
5.43268	4.29874	18.7528
8.40062	33.449	8.39144
20.803	4.74273	21.7538
27.0263	29.8307	1.89135
16.0776	37.4367	39.8205
24.2214	4.01473	13.4345
39.1192	39.5666	6.45667
30.2699	18.6969	13.8949
34.2141	27.6372	5.95035
18.2446	13.4416	16.5155
32.3034	16.3566	5.28664
4.69437	11.544	36.4215
19.9714	1.36014	10.6385
19.4016	8.43942	24.6804
22.4385	16.5242	36.7816
30.6583	32.1303	33.4055
34.0327	46.8378	35.2217
13.8063	9.25639	17.4552
11.3439	25.1605	19.4392
25.7483	30.5954	13.8732
46.8803	41.4668	28.6005
4.08527	18.875	32.755
5.65202	8.36626	22.4467
11.7441	0.38555	12.2677
20.4772	4.84048	12.3802
22.2438	0.832711	21.4253
29.2818	30.0348	33.755
6.59896	14.1254	36.4795
3.07279	44.6146	12.3989
6.3222	36.2303	17.785
30.7127	1.92424	2.33747
7.66947	19.3545	18.3613
38.7711	44.0768	38.169
26.077	32.8848	15.8563
0.904284	44.1129	31.6018
27.1103	25.6637	25.9042
7.87204	24.9852	0.245357
16.5043	33.2122	41.8592
14.6414	23.9298	11.6258
42.6616	46.2066	1.47652
30.9956	35.8427	17.3063
10.16	3.70167	39.3596
20.1726	30.7321	45.1283
7.36739	40.9871	38.9163
28.4403	1.29558	11.2965
31.3526	39.4797	7.93245
1.5808	36.9108	30.5542
29.1867	36.7315	37.9016
16.6317	3.23547	40.7233
44.1259	12.6059	39.7746
7.40974	44.5967	41.4813
35.8852	23.8939	21.9106
19.5922	1.53298	35.6934
10.0512	15.6608	18.587
8.33964	47.1598	17.7357
3.86236	1.9294	41.9299
22.0261	24.7339	24.6941
17.0479	11.0588	2.23004
43.3933	22.6838	31.7534
25.7631	44.4768	8.92849
29.9664	16.0039	25.7211
45.4483	3.39099	10.7375
31.314	4.76696	4.0959
8.58369	41.6872	3.77744
38.1601	18.0581	40.9308
37.8364	7.87322	44.8306
7.68916	19.9537	33.9622
41.5691	2.16951	17.3406
20.2024	12.8513	9.61122
32.804	25.9053	26.9046
14.3416	35.2443	15.8243
28.7714	43.068	31.744
8.78953	7.68181	37.9622
44.2718	9.79281	16.2148
30.1095	13.3286	6.21141
15.3658	18.0667	44.1078
39.1042	23.2948	9.065
11.001	22.1436	16.5843
8.62204	25.2446	15.9428
37.5379	42.3906	22.6654
6.0086	5.93974	28.8105
39.0938	37.9703	39.1935
13.4776	8.51734	12.2882
34.6562	45.928	39.6331
38.2598	42.6531	45.1006
12.9224	23.4972	11.8408
21.5652	20.5391	6.21209
26.8318	18.6417	29.9433
5.56405	40.5582	7.19689
7.95954	31.9989	45.163
23.948	35.6293	18.2218
6.73793	36.551	26.2024
14.7942	42.708	23.9863
17.2779	5.63936	31.746
42.6333	42.1378	23.4174
39.2409	7.252	37.1053
41.4303	28.8699	0.143985
12.2771	37.2713	45.0645
19.9721	12.4722	10.5903
11.3791	3.84679	23.4843
31.7637	10.2374	30.0005
23.0768	26.8827	25.143
7.94436	12.9786	23.7132
7.13442	43.8756	8.8502
36.032	35.8155	32.6716
20.5874	15.9287	36.1812
41.1009	16.4096	46.681
43.9341	0.595136	41.2837
20.1513	3.59703	27.4529
24.6692	23.7659	43.5523
3.68727	33.3988	14.5218
43.4582	27.2946	7.0021
38.717	30.5803	42.0987
26.4805	15.4439	8.82174
29.8354	32.9185	15.8463
21.9223	25.978	20.9052
22.3671	44.1413	35.5753
8.15544	19.9596	38.834
13.8518	17.7223	15.7946
1.56628	28.9053	28.2025
17.3709	10.8802	21.7735
27.5738	25.826	14.8514
11.4175	36.0862	3.0575
23.721	43.0405	40.5426
27.6622	2.28125	6.98718
24.0283	16.166	11.9152
44.8366	13.7717	41.7745
7.90663	39.8571	24.9943
11.171	46.593	27.617
44.3599	27.1356	26.6888
23.5031	16.8357	31.7136
17.9906	39.1522	27.6218
30.6078	32.7599	40.265
35.2442	13.9972	7.32126
20.9591	30.5684	30.7896
19.3342	7.95469	44.9315
4.09338	13.5536	10.3867
36.2742	0.374614	17.2973
0.703819	26.7604	46.9549
20.1067	9.51854	32.9597
0.0428646	12.2853	32.7224
24.8449	2.00312	6.24738
6.21007	40.1674	0.493633
34.8559	3.48237	35.8219
45.9934	5.5795	17.0221
2.93492	40.7215	13.419
13.8317	11.3205	9.59015
9.07951	18.8672	43.8631
34.858	38.6703	1.09142
26.3576	27.4192	24.2636
3.69161	11.8348	15.262
20.9982	27.7177	37.3187
40.0973	2.18666	22.34
12.4684	41.376	13.0775
33.541	44.2413	17.3792
8.96722	19.9929	32.6603
20.0752	46.4197	42.7946
14.6185	15.4153	0.18694
26.095	4.78562	34.5438
44.6709	14.872	28.2583
10.9969	1.07569	45.1921
40.2565	35.0415	7.02634
21.3037	15.8208	16.694
10.7286	22.9817	34.3383
37.7219	18.6065	5.26922
42.3043	36.0155	41.5919
7.33984	2.88417	37.5352
42.8314	20.1528	28.5896
9.06977	44.0632	45.9956
42.3362	6.34236	44.6806
35.5792	26.783	0.458917
17.9087	33.13	30.0566
21.3866	40.8972	39.529
35.1545	17.0138	3.87838
35.1773	22.1002	43.2841
27.8475	46.7183	9.53567
37.6196	45.0309	21.8653
12.609	43.8476	9.78819
32.8843	6.65782	12.0092
18.1431	5.46276	37.8201
15.8488	15.3876	7.11711
36.1587	42.0569	32.1909
14.8006	8.18685	28.4613
24.8331	39.1954	45.7271
15.3296	24.3239	26.0695
1.34118	22.3366	2.4885
43.9725	31.2912	0.399126
4.3931	46.7105	20.5866
1.2822	22.516	43.4341
47.1013	26.5671	8.0029
5.52231	47.1263	20.6789
43.2015	8.29284	15.9636
9.73131	21.2207	38.0238
40.699	12.9765	35.7254
28.2476	21.4889	12.2083
13.7223	12.6826	6.03473
20.0843	9.59256	2.44289
32.8437	33.2899	26.8153
24.6542	7.09691	27.1295
18.6111	34.5373	30.2042
47.0828	45.0621	27.4008
46.5084	22.0043	35.7507
29.8048	38.652	24.5551
41.9871	39.1531	42.9034
2.41996	25.0235	29.3812
47.1853	21.1705	43.4518
13.627	16.3747	25.9825
2.61855	10.8415	32.0299
46.6994	21.7314	29.2702
23.9302	19.1158	20.664
28.7907	37.1419	43.149
23.5978	2.59869	7.58903
36.5942	43.8155	36.8901
12.2589	13.4743	0.0888807
30.3303	42.8025	6.73881
4.01629	39.7199	32.5724
5.28475	20.0381	36.2562
27.876	6.72317	24.4743
4.26405	2.26817	23.192
28.5269	41.8505	10.0719
33.7126	2.03648	0.42108
42.9081	34.3549	33.6839
38.5231	28.7811	18.284
13.7792	24.9129	11.4432
43.2568	41.6355	31.8973
36.9111	35.5074	0.652854
19.9698	22.0236	29.7363
20.5543	25.6223	37.5352
43.1795	15.8377	18.2136
11.3558	37.772	11.0396
10.0464	29.5015	39.8281
11.0638	39.0081	14.1601
7.02021	12.685	47.0925
20.3283	4.20237	4.20191
43.5362	15.3798	16.7093
32.3397	13.4136	18.3188
32.0591	16.8305	39.3213
37.2259	38.9595	46.4868
37.2627	43.4016	20.6803
19.2678	25.0286	21.2924
15.5716	30.8934	16.9166
22.8843	1.72667	33.6662
24.1722	26.0622	19.4679
36.9938	8.18234	47.0672
19.7717	43.8948	0.315575
16.4307	23.5457	24.2871
21.5284	15.2449	16.6218
24.7216	6.46065	2.83496
13.0425	11.8024	36.9696
26.2574	42.1961	11.6168
33.3222	1.56446	45.4835
27.7876	31.3623	14.1595
43.7234	46.8171	17.0043
33.7121	40.2516	46.4796
9.84468	38.1241	26.4675
32.694	19.0045	36.9882
8.4725	14.0941	30.7484
36.0458	32.6931	4.09641
17.2446	12.2896	10.5925
1.23024	46.2332	23.0993
27.1128	20.5172	15.8936
14.1178	4.4784	16.928
25.4556	21.2819	26.508
6.145	32.3352	31.0057
16.1046	18.7715	40.5352
44.5154	44.7563	32.908
28.6808	30.6744	19.8946
33.0738	28.4975	19.4904
36.2739	42.0957	23.7978
11.9653	36.7188	12.7496
0.290443	18.926	39.734
34.5617	15.6713	7.23607
5.45176	41.6943	28.2408
0.586174	32.2989	35.7613
18.3866	38.6025	41.7421
30.0997	37.5936	33.118
16.9234	42.4687	13.416
11.6371	43.7879	44.7872
33.388	23.323	11.3038
12.3501	36.8817	12.4068
45.657	17.35	37.418
9.86069	24.0802	38.1299
30.348	8.94761	20.91
9.08504	17.4775	8.07792
38.9203	2.01068	38.8056
9.30228	33.4947	22.0323
34.1673	42.5588	18.5941
32.8591	9.29054	24.99
32.439	28.7739	38.7532
26.0559	8.78387	7.07119
19.6652	0.213062	40.2296
6.74012	26.155	21.437
38.0157	45.7551	14.3776
27.5454	21.5669	1.76478
13.2073	45.0355	5.14704
18.9242	10.2368	19.487
27.4313	38.7113	30.3594
13.0552	37.3552	40.0215
2.62506	25.9726	23.6572
9.99062	36.1522	27.0573
32.4178	4.08737	6.95855
14.8656	13.96	42.3216
44.1292	21.2066	35.7352
4.55466	23.8754	42.6133
36.0766	30.3296	31.0857
38.5419	15.5364	6.06043
27.1607	22.5767	25.7566
28.8018	35.0697	7.61467
42.5138	16.9166	22.4239
6.63247	10.806	1.60311
34.1832	27.8171	7.83771
14.5349	28.0267	37.3643
4.06958	38.4229	45.5673
19.9177	42.5478	21.2243
3.34192	35.886	37.1895
40.1951	41.1914	26.3177
18.1805	21.6798	10.9641
16.0772	31.0551	43.5653
32.9493	13.2168	15.5247
45.5837	13.3838	37.0771
39.3567	17.9558	21.0763
17.2387	7.17394	47.0464
47.0725	14.3037	12.1646
34.0467	46.8009	28.9325
13.2982	14.4573	45.6473
43.6168	1.61824	5.26387
46.8966	32.5956	18.029
24.1406	13.6263	4.46493
26.4989	41.2378	4.78205
21.6849	2.77527	1.14068
4.47197	3.1418	24.2707
29.8242	35.0536	21.234
24.3875	10.2685	33
15.6502	29.8275	42.8673
8.9099	0.791701	40.3076
43.8469	44.9666	26.5838
5.68997	32.5171	19.7111
17.3111	44.1087	6.74159
3.60574	32.1344	8.08587
30.9198	37.214	27.2137
16.7903	23.8492	26.4266
7.64356	8.88403	38.1347
15.9064	40.56	36.3967
28.3255	7.85673	3.61535
4.81755	4.68335	15.2013
38.7729	26.8709	15.7958
22.7813	17.9649	33.0176
28.3199	9.08647	41.4843
39.6036	13.2295	39.4156
17.6205	3.31292	20.462
33.1255	0.363957	27.0229
20.8358	36.5781	8.03306
40.233	16.8475	41.5234
35.5067	35.0091	29.1739
10.5827	26.8028	2.90331
28.7752	11.9919	11.6953
30.7525	10.5765	16.7014
40.7304	20.883	26.0971
40.3644	7.69629	45.3555
1.39159	19.8138	42.856
8.69142	11.1028	33.0524
46.9578	22.7259	30.7242
6.75675	22.4244	14.8899
45.6477	2.70525	4.52628
19.0828	32.3325	33.4247
25.5509	18.2622	25.3861
33.1322	18.9648	31.4613
26.1236	12.4472	16.0705
13.1115	39.3972	38.1358
34.4483	44.9202	3.23164
23.5205	26.3176	15.3141
46.6931	11.6208	6.27074
21.2248	11.2096	34.2649
30.5675	16.3973	29.1791
3.51156	7.2307	9.65469
8.02137	32.6253	44.8986
17.7053	12.9363	21.6447
34.9776	18.9538	34.8633
33.5448	13.5269	33.9411
18.543	23.76	38.7396
33.5784	12.9764	34.1972
26.3455	12.8206	13.2967
36.1328	30.849	26.0263
30.2593	29.8956	7.64453
25.0734	18.8385	32.8264
25.1145	1.5582	34.683
24.5664	42.105	39.3093
25.3904	10.9775	4.17678
46.1593	8.53349	0.520361
11.9869	21.3362	43.0221
14.9201	33.285	38.7983
28.3335	1.15533	14.5939
26.6646	41.1514	15.4512
36.5816	19.6497	24.0591
14.2872	18.9622	35.6453
5.16777	36.7995	46.7938
3.10175	12.0966	24.0432
28.9052	26.6425	0.727689
3.05901	1.90511	11.3679
4.78551	32.679	3.5414
36.5854	37.3595	16.8392
44.1771	24.6948	29.3877
15.7348	35.5858	43.2567
39.6884	22.2599	35.0205
31.4382	15.6021	23.9868
25.5583	0.605441	25.6501
33.5741	34.8939	27.8704
6.9919	9.00675	23.4973
13.2223	13.0576	30.3728
1.1533	27.6202	3.93116
25.2138	18.5549	35.3303
45.7545	3.91218	36.6167
44.1919	36.4642	30.5804
44.1408	26.9221	26.3311
6.89934	11.1651	41.7666
16.5825	25.9487	1.01539
23.1541	4.23794	35.374
23.559	11.9348	42.736
22.4508	34.7488	43.5871
22.3237	22.1989	2.70326
18.4198	30.3018	35.5473
10.6511	43.4056	39.5144
24.7703	22.2023	11.557
19.2612	8.07417	23.1038
9.21296	42.9853	9.38945
34.9995	8.95706	38.0536
22.6239	15.7519	39.9933
1.36503	45.5655	37.1738
12.478	13.2995	36.0322
40.2684	46.5239	46.8048
46.6803	31.9675	36.1965
15.5464	31.4592	38.2824
43.9702	39.7276	20.44
41.0978	11.547	39.7585
21.2511	29.0296	40.4416
29.878	42.0282	21.7875
26.5736	23.3601	20.8074
30.7391	20.6481	43.5166
16.9231	38.2921	17.9879
41.7301	16.355	25.8633
27.9759	33.1264	16.6498
23.3701	0.601542	7.33261
22.8705	6.38461	46.7118
41.4757	36.7802	6.37516
29.3898	2.78604	40.5183
43.9512	4.31835	17.8988
8.03901	45.8903	19.7849
29.5492	38.218	0.470394
21.9646	29.9696	23.9457
43.7815	31.0605	40.5868
15.4582	12.422	16.8418
40.851	18.7765	29.3746
31.5414	2.42386	43.3284
17.7886	43.0927	21.4912
3.58207	12.073	5.19402
5.97223	8.35435	11.1029
34.5968	38.8357	43.0375
38.1621	5.20132	34.1983
45.4105	29.3377	24.3732
5.29603	20.9091	39.9065
6.75838	2.48548	40.4333
32.3168	5.01553	27.3878
16.2325	45.0334	16.7609
2.3769	9.44652	2.78864
37.0784	13.7843	17.2199
21.2308	17.7285	25.2169
21.974	46.1175	14.1472
25.2332	12.8346	12.1096
7.31845	20.9288	41.7143
34.6386	32.9013	10.0725
43.6678	9.31444	1.82797
36.731	28.7108	16.5146
18.2296	44.4042	16.507
31.0289	28.6885	18.7479
21.0819	18.5476	6.89031
1.12694	9.49532	20.4774
8.22859	21.8937	17.5608
39.625	43.8765	22.4714
1.66822	42.699	13.5879
20.4446	22.98	5.34506
42.3591	13.6383	17.8032
5.58078	38.5501	11.4687
45.4284	46.8708	24.0221
5.46418	14.387	43.6175
13.409	35.1896	41.0919
6.30052	2.3593	44.2307
27.2128	1.20016	12.662
37.4467	19.8086	3.52188
38.9435	13.6602	7.66792
40.5585	11.0117	13.9864
14.2932	24.5143	15.5319
23.9968	5.74259	19.8716
24.059	12.2355	45.9028
41.4826	10.6354	15.2499
5.23251	39.0396	24.5706
17.7671	12.3984	46.1382
32.8718	33.7183	2.89983
17.389	31.9227	37.7526
15.4368	31.5289	29.1004
2.69455	13.5444	44.1782
42.8964	26.8411	33.9098
11.1054	29.6801	20.1624
1.43719	30.8919	39.8812
5.03348	45.8373	25.9708
40.5372	31.5929	18.492
16.9838	19.9443	18.1214
18.6942	16.3756	42.0936
35.913	18.8706	5.54564
14.3793	8.29189	0.0236029
19.0195	5.88669	34.0586
10.2888	44.266	7.45488
0.790004	11.7854	34.8255
11.521	28.6807	29.3107
43.2172	35.942	34.2742
45.7447	27.8538	11.8025
38.4482	45.8128	39.0094
36.0631	39.6711	14.5311
11.1413	19.1292	9.84505
44.4192	33.1162	32.8583
41.7097	3.38419	38.0546
39.8785	7.00433	29.0665
46.7408	9.21372	8.56505
11.7026	12.4629	42.7432
0.52957	25.139	34.7464
3.32629	9.19194	20.0678
15.5005	16.1746	14.9278
20.8797	17.6569	1.32062
7.37465	21.4242	10.6919
20.9578	8.91439	29.1302
30.6116	2.84279	2.93965
25.7609	6.76383	46.9993
11.515	21.7816	21.7229
27.3621	8.53578	39.0387
9.43529	2.94555	30.5071
39.3399	19.7895	12.7522
43.7048	16.7157	46.1813
1.88351	25.8652	13.9545
44.9421	39.8985	13.4302
14.0247	44.6257	10.3887
22.6401	5.18449	34.6155
22.174	9.02854	11.9813
21.9179	47.0287	34.0451
19.5327	40.648	4.61225
0.43448	32.0673	14.0699
2.24302	25.3829	26.4388
22.9127	7.62771	25.6941
18.136	28.4991	46.535
44.3693	44.1148	15.003
10.2411	44.0627	37.5238
40.9226	40.5959	26.3221
44.0775	2.46151	15.2824
32.5864	5.40451	2.98624
6.32051	7.94537	29.8785
1.9228	25.4251	27.6845
45.3637	45.152	27.353
45.5196	21.4184	8.99173
7.1486	46.0512	33.1656
14.9722	12.5488	23.5787
11.6753	25.5821	23.9851
44.6345	15.6273	23.0041
33.716	11.4895	17.9883
1.41118	18.631	39.2544
45.2691	13.1196	34.1109
39.1875	7.59347	16.7118
27.0162	3.09144	27.6356
26.026	24.2834	6.65992
0.0683235	15.2901	19.9102
11.7767	29.8533	3.54426
37.5124	37.6481	6.10317
37.402	23.8085	2.98418
18.8832	28.6481	0.501391
23.631	41.9773	16.3155
23.2815	21.4421	28.176
44.4698	32.8993	22.586
41.0243	3.7541	23.5141
12.7756	11.6025	29.512
28.0852	28.8728	0.62609
42.237	38.3938	28.1507
44.968	3.6843	30.6529
34.9802	14.3024	37.1572
16.7114	20.9291	46.2851
46.6287	13.708	8.22108
37.2235	44.4426	1.30618
0.63533	8.68636	20.5659
32.5907	30.2385	10.4782
16.4686	46.3394	15.0227
11.1222	29.6069	17.9852
43.8665	43.4383	23.5566
19.089	42.1878	14.2846
22.4365	29.6034	5.07391
17.1549	15.7351	40.9218
27.618	13.8207	14.0079
45.6163	41.2846	35.352
31.7405	44.3803	40.0159
3.79237	5.77944	25.5242
41.5809	11.3792	5.71117
11.1948	21.588	26.693
46.2159	16.8477	45.159
3.96308	42.3913	34.7115
30.8646	5.95483	46.2898
30.1354	25.0516	29.545
14.7223	13.2722	2.49165
2.47045	23.833	37.8949
45.5546	43.1105	36.3859
35.7419	22.7402	35.4673
33.7202	34.4765	46.375
45.9745	19.6349	10.0744
27.2301	8.99095	41.1842
47.0031	28.0782	6.92522
21.2424	24.0607	41.1438
29.289	9.19206	22.2004
26.6472	32.8829	30.4389
27.1346	9.7457	26.8856
26.5957	16.6492	12.9294
0.846212	12.2804	44.8026
9.37793	30.2505	23.2168
19.8241	27.2494	3.33714
2.70551	8.98994	24.1823
7.21232	31.1702	42.5932
29.8724	41.7209	3.1375
46.3405	32.6357	30.3062
15.7137	10.9883	44.5372
33.2606	5.46862	41.7992
45.0046	5.33136	0.910663
9.7026	10.6469	19.6338
40.1018	31.8678	13.0369
12.5241	34.028	15.8491
20.3427	9.63227	8.91785
40.0231	29.4255	36.5947
4.19049	40.4864	26.9149
47.0523	5.42742	10.2766
27.9239	9.38456	0.11315
13.3334	39.519	8.11114
30.6913	20.2859	47.0893
14.0816	9.52812	5.23979
19.8802	26.5255	15.9975
12.7444	6.46269	37.0138
14.6773	13.0268	31.7342
34.0971	44.0132	7.3334
36.131	1.24902	31.3694
39.2679	37.5427	27.3926
2.54069	24.2516	38.0637
2.78638	46.3139	10.9871
24.3863	36.1202	7.41991
26.7137	17.0397	14.0621
11.9424	28.4544	3.72236
9.44363	1.39947	10.6465
12.1394	34.791	46.1082
0.796647	29.017	16.6486
3.90533	16.0033	16.7941
41.4592	42.0937	36.8991
22.3809	39.0928	20.8565
6.2032	19.005	45.5549
0.690327	36.0465	43.1153
23.8265	22.6703	40.7531
24.6718	20.1483	0.654209
42.7352	7.89935	11.8878
7.70763	47.0238	45.5733
26.8464	27.6178	11.04
16.2082	13.247	3.47502
6.73235	37.0829	41.6525
33.6021	32.8379	29.4438
14.3528	35.5562	18.6875
43.9647	41.7739	44.0759
23.3758	2.00211	36.3835
42.5776	3.98934	11.6376
4.58186	8.9095	41.2665
14.8493	24.1036	6.44592
38.46	7.14925	9.75182
35.4226	39.2356	13.5447
2.38104	31.8268	31.8812
1.19999	9.90123	44.5114
25.3336	1.92688	46.6481
10.6841	30.4524	18.0319
25.045	12.7911	36.5985
20.7785	16.8034	8.7572
30.9836	23.6557	32.1697
34.856	4.27637	20.465
36.355	35.7525	13.094
28.5833	45.3896	7.76691
4.76642	42.2441	16.481
19.7386	6.80661	10.6026
29.6203	6.83779	15.2555
4.80194	25.5418	7.45556
12.0646	5.91284	1.60937
44.9818	47.1985	7.57417
22.7502	15.0205	21.5194
5.7924	7.36001	11.3584
34.0831	44.2998	9.82433
26.6873	45.4993	10.2895
7.76971	4.5358	37.4394
38.2498	15.2832	45.5876
31.4494	14.3201	5.41608
8.58505	17.408	21.0877
20.3103	31.5523	44.1184
29.625	37.8949	45.9256
46.129	18.8119	11.4165
17.9393	27.6788	44.7102
14.6569	47.0166	19.144
21.3384	33.3975	40.8834
42.5284	25.8639	38.4579
20.2406	41.3398	18.8495
29.2352	1.2953	6.61926
24.8915	29.6708	5.47662
34.6057	46.1478	5.16521
41.0622	26.6664	24.8071
28.3019	36.6665	31.7386
13.5179	23.4245	17.3621
3.63049	23.2893	10.3834
28.526	26.0206	28.7198
26.4224	30.0669	6.10887
38.783	6.99539	20.4686
1.92586	29.6104	29.4722
19.6782	30.6116	1.64716
19.1663	19.2072	44.9171
45.3574	32.6682	10.6223
30.8709	17.7706	24.2937
38.4381	17.3957	2.76332
36.3917	39.2525	14.6047
20.3337	0.6815	29.3185
31.9487	2.6099	7.14689
17.3339	2.80792	30.6428
6.74896	32.9846	40.7658
2.1781	20.1492	14.711
12.2923	8.11099	28.1404
13.8235	14.0832	36.718
46.115	19.6753	29.5095
32.0959	22.4941	7.09091
20.7037	34.6235	15.3973
27.8575	27.0545	31.7303
14.9631	0.333315	31.3321
25.8541	16.1129	16.6638
23.6281	39.9711	5.55208
28.2039	41.5758	19.002
43.5021	10.0493	31.231
25.9576	8.57804	41.1124
21.3201	7.96751	24.3738
16.2747	45.1669	42.5759
22.3384	32.9682	0.459448
26.8276	42.1313	9.13683
38.1712	15.7981	13.8377
16.7424	22.4618	29.1798
14.0188	38.9374	5.1298
12.3859	24.8215	33.6317
10.8503	39.1289	13.6753
25.3741	20.4682	42.5485
33.1913	21.1597	2.87634
0.324849	30.6613	35.011
13.4803	6.34585	8.99412
0.0213177	27.8223	1.63776
2.80456	21.4343	40.0741
37.2203	38.8517	29.2723
11.089	37.1487	15.7477
15.4763	34.4458	2.81311
23.4142	32.7292	45.0297
1.8385	24.7545	40.2937
46.9371	5.38157	42.3114
13.929	41.5471	10.038
30.312	17.5905	18.8993
15.8671	40.3081	5.1862
16.1596	0.16266	42.8957
15.3127	22.482	39.5602
39.0551	1.12094	3.11162
36.2683	42.8603	33.0543
32.2533	24.4685	1.37043
41.9445	31.7582	11.7938
33.8506	8.53401	9.30875
0.554141	13.2254	17.1532
33.875	40.9899	38.9513
3.60318	36.2936	43.166
25.74	33.4953	31.5836
5.05619	2.58127	45.2466
12.3634	24.1108	32.089
0.893516	4.76269	26.7646
21.9112	29.2082	20.5335
6.6179	1.94694	6.22461
1.20378	26.4294	6.23505
35.1209	18.8423	3.11288
10.3232	8.05678	14.0527
43.2244	15.973	26.8206
18.8947	32.8055	5.5031
7.67532	23.2427	30.6023
34.4315	45.9936	8.84531
1.08946	40.4872	41.1236
19.5378	31.783	3.17038
32.4976	23.2863	7.08885
33.2346	40.5851	34.0765
28.609	4.99031	28.3638
37.9262	5.78146	12.3512
6.69532	28.4822	45.8463
35.645	46.1484	14.8928
47.0524	6.69325	40.8901
13.9421	25.2163	12.4138
20.6118	0.564484	45.431
43.4136	32.4594	41.3354
38.6536	4.20649	26.2031
27.413	14.8583	32.8885
30.4	33.9394	37.0849
29.1681	7.51806	23.8965
18.7745	42.4915	19.513
39.5167	16.6565	41.4626
5.22893	26.173	41.1061
10.281	6.00157	29.4025
27.829	18.9199	32.8131
38.2697	19.6104	24.1897
36.9714	9.22809	13.9247
16.7878	29.4853	2.80387
9.75627	15.7674	17.5143
12.6638	21.0544	27.9426
40.0198	21.5494	38.066
42.0766	33.4914	14.29
17.5423	11.0061	13.0791
13.707	39.4165	31.992
23.3932	10.0863	38.5159
2.59382	20.1998	15.8523
27.1783	35.995	28.4105
20.6388	29.184	38.2952
23.2721	5.43797	45.9151
12.5263	23.503	15.4889
10.2222	9.42683	2.34164
30.6158	25.5926	10.2115
18.4593	33.573	16.093
13.6911	8.08622	36.7676
30.0652	25.5819	19.4169
28.9037	1.26608	34.7956
27.3841	1.51041	34.0567
25.8014	27.0927	13.6213
16.0142	10.0971	31.4889
17.9634	7.60972	6.64722
22.7209	41.7854	1.61825
5.37545	33.8863	41.6979
42.2162	19.2169	19.5593
14.2596	27.3082	0.992607
17.871	13.0752	43.552
46.062	25.2808	10.0067
22.8289	15.0531	3.18036
11.3921	33.1853	14.0813
4.92739	9.55765	29.4414
21.2643	15.1647	37.3032
15.9253	26.4647	33.6155
22.6603	14.3674	44.8295
35.4924	31.3195	2.8825
9.42532	24.1874	45.9804
23.7725	12.3073	24.4763
38.7064	41.0304	12.4533
24.1198	43.2245	17.455
7.84565	6.28729	16.0783
2.16962	19.2556	8.88899
27.1267	18.2804	1.29607
19.5539	18.985	40.5818
25.4848	40.0559	14.1963
2.23467	26.7109	17.6294
12.0087	11.341	23.8423
5.05768	27.7017	3.82885
5.29387	31.8445	46.8043
39.4219	29.1421	42.4964
6.96175	21.433	16.8864
34.9303	25.6893	30.9256
39.1178	16.3476	42.8446
6.41679	21.046	28.4589
31.7523	7.58189	10.8883
17.1101	17.8953	43.847
0.0561535	46.795	23.4555
19.3514	13.9398	34.498
30.4936	1.84449	31.0927
16.0454	15.1638	21.8872
2.5805	32.2968	46.9236
14.1525	21.3029	2.83363
37.7846	33.055	44.125
45.2722	18.1112	36.6282
0.793874	29.6208	14.5214
36.9643	31.6301	29.703
27.6361	34.5003	21.9564
33.2704	28.3668	41.2248
22.1714	12.4998	3.47017
19.707	43.001	37.8204
21.8668	38.4018	21.2557
12.2401	28.4966	4.20655
27.2029	24.6397	46.3942
37.952	14.7333	10.5027
4.16737	29.5422	15.8304
37.0668	7.28473	20.8084
0.262321	18.3731	0.944486
11.6604	11.3772	18.2084
18.5756	4.38427	39.8528
1.40547	17.0084	7.64422
19.9536	32.0981	12.8592
0.807497	22.5376	29.1385
29.4173	40.7652	38.8233
23.5275	2.08852	25.295
13.7359	5.43016	9.11827
9.36303	15.812	11.2141
15.3604	22.2907	33.9288
46.7699	27.1516	11.8318
10.8683	10.3676	45.7835
19.8194	43.1086	5.26666
46.5903	29.4316	44.5616
18.5862	42.1495	30.6637
27.9983	31.9196	33.2465
5.39688	16.3586	38.5274
7.5357	37.2269	6.98264
42.1621	6.13378	32.4958
39.3231	20.7017	1.82019
0.316515	32.2329	11.2553
47.1376	21.8821	11.5615
0.827433	27.1383	23.6956
41.9234	7.39936	11.819
33.137	5.33835	24.0014
35.253	21.4051	19.882
9.78031	42.1376	20.7712
35.7644	23.9963	44.0807
9.37733	20.1035	3.28145
10.9032	31.5656	32.2934
36.8787	9.63694	40.1523
30.0053	8.93453	37.0436
42.5327	3.89206	28.9198
36.1016	25.2517	40.9031
43.3175	23.0731	12.0398
13.5594	13.0693	38.705
17.7434	39.26	45.9946
27.0853	30.6419	38.9737
2.4621	25.2128	1.48175
24.4886	9.57646	15.0561
6.34265	2.40973	41.9089
46.6456	15.4556	16.3459
14.6469	20.5364	7.49793
16.1482	44.4977	29.9033
41.5262	36.1136	39.4652
1.71593	41.9993	8.1455
41.7121	44.1678	9.92407
3.37031	40.9413	24.9688
6.75001	3.49323	29.5816
16.2286	25.2679	29.8228
10.8203	7.05	41.2945
12.872	26.5055	11.16
3.28229	24.9726	23.4189
17.8976	33.9694	21.1387
28.2016	2.24341	32.046
33.6369	3.38602	21.6243
22.1232	4.44371	0.29671
29.8372	17.5253	8.78737
18.6129	17.5516	26.5505
12.6653	46.9241	22.3394
3.09475	36.009	26.9086
35.7198	29.8513	17.6362
31.5374	29.5355	44.4714
12.5798	25.2838	14.7825
33.9351	10.9567	32.2099
2.77813	1.95901	20.2401
32.6297	24.9009	46.2369
38.2031	32.3552	36.9837
28.2648	26.3981	47.1883
24.8881	20.3678	6.99808
18.3071	24.6686	13.9227
29.4738	47.0543	38.2063
40.3938	29.6881	12.3943
24.2372	32.3179	23.3364
0.608941	37.2646	27.3507
7.14125	17.0218	45.0584
11.5625	17.7972	45.9781
32.9884	10.8554	29.42
39.0337	19.5491	32.6055
43.1034	12.1213	15.1223
32.8435	29.0125	35.6447
41.5166	16.8892	34.3852
23.7805	4.53476	19.9679
36.9568	0.7016	36.6751
33.1321	17.9532	24.358
33.329	22.6415	29.4451
36.2322	1.24456	3.59769
38.5291	35.9906	1.87729
15.8714	17.6727	31.439
28.8501	43.7642	24.8234
17.5597	21.0267	33.6017
26.9514	45.493	0.00151473
25.4581	16.4391	22.3543
17.4693	12.3197	44.6041
24.3218	38.5033	26.4491
6.82689	20.9442	16.3479
0.247527	5.76575	31.4905
44.019	9.72564	20.2115
23.0657	29.7745	1.70416
33.0559	12.1622	40.8736
20.6426	45.9612	31.0103
46.1829	28.4995	6.39823
39.4756	34.5349	37.7024
21.1209	11.8067	15.2431
32.8219	44.9297	21.1958
43.9249	34.0065	31.2701
22.1692	22.5235	27.587
13.0011	24.8784	46.0423
25.2494	2.60046	37.2802
7.16656	17.5526	42.7724
20.5299	39.9216	23.9465
9.96647	7.8286	3.01483
14.7303	6.65729	3.07667
15.4254	28.3938	22.4492
7.31655	36.2877	37.7729
25.1403	10.431	25.7963
36.223	36.0304	8.71803
33.5505	16.1342	44.2223
29.1379	19.0671	4.50563
2.38289	15.6839	30.0071
39.2838	20.3058	3.66861
2.97083	30.5084	13.7491
39.0283	23.2802	0.171618
4.62205	23.5658	31.5092
28.3885	28.6839	36.2572
44.15	40.4031	42.9813
37.4857	14.8135	36.2369
34.5303	7.63883	23.7386
9.31932	36.6175	10.5014
28.7281	23.1748	22.8813
46.7713	2.61639	21.7921
10.274	31.2009	39.166
23.943	44.7141	32.1734
2.30009	40.4615	33.0185
44.2644	27.1067	12.7845
20.1436	14.9934	37.7504
25.333	37.6809	37.3204
20.7203	30.9864	22.0244
43.4277	33.0306	11.9703
25.2272	6.48601	4.11132
31.6824	11.8727	38.1315
10.0931	12.5477	5.57033
4.50925	15.9796	42.5181
41.0866	12.2877	25.1477
40.0279	15.8884	21.2104
6.54487	1.92011	27.4063
43.1604	26.3339	6.37905
0.429626	44.9079	31.8746
32.1783	37.7244	13.3783
39.1703	1.87064	45.6433
23.266	45.0897	19.4276
20.8101	28.4571	1.78439
12.3756	39.5879	33.4658
7.61036	17.3794	12.2467
44.9859	20.9921	19.0636
38.9606	18.3278	41.434
43.8932	20.7182	41.8697
3.10685	3.37236	28.0727
8.35965	5.85615	40.2155
6.83206	13.5194	2.36239
1.6032	35.612	11.6067
4.33388	42.8634	37.9835
23.9179	0.365112	46.4419
37.9761	41.5126	42.6674
1.54325	19.5344	21.2677
24.733	9.53963	9.78153
15.407	2.52222	44.2899
30.71	4.27861	10.8815
43.4673	38.9621	43.1278
45.1831	31.6394	44.9911
13.6626	2.09207	37.7752
16.6257	42.9807	27.4101
13.1384	19.3768	16.1613
28.2899	22.9355	13.7247
6.36445	38.2139	25.1745
18.3759	0.0100158	26.7079
12.9338	26.5703	13.8491
19.6958	42.4925	35.991
7.5218	39.6077	35.7306
21.9058	32.8669	45.6285
10.689	18.3283	2.67131
0.714395	15.6796	4.13375
31.046	32.9234	3.85299
33.2055	24.5101	40.8903
18.2092	31.3495	35.3512
18.269	44.4136	34.0839
11.2297	42.3079	3.29369
27.7131	7.29837	13.9136
18.8578	27.7608	5.90475
7.15098	38.8604	32.6639
32.3477	5.67695	2.44076
44.1756	46.7993	1.15227
10.3139	40.2825	46.3026
10.4265	43.9507	43.4749
24.2205	35.5149	32.6894
35.7445	19.3772	22.2891
7.24473	9.44636	0.149095
3.75059	11.6872	36.2668
17.0223	6.18928	21.122
30.9656	3.93487	40.2988
37.5623	26.4988	39.6594
8.11356	24.2372	33.3025
2.00753	33.0976	4.3409
19.0744	31.9843	34.6735
6.08569	26.9018	15.7467
0.328483	44.5373	35.5292
35.7779	14.261	3.0738
14.3407	20.2383	2.80738
21.4749	13.9655	40.7808
17.8351	23.2588	18.5303
46.9048	27.861	37.2996
2.89164	21.5163	0.938272
1.63517	6.56406	41.224
8.22293	21.2535	21.7815
21.6058	41.6439	30.8711
20.5284	14.7598	30.7961
34.6075	29.8926	3.88183
45.9098	16.788	33.0034
26.5416	3.80214	28.3514
17.9691	9.32952	19.1111
35.0161	5.10267	28.4304
24.2234	36.5387	7.62196
23.5258	20.4546	1.81164
45.3908	27.9703	33.932
7.0554	37.6244	31.3195
2.42878	31.689	29.6951
35.4829	12.5288	17.8836
35.2972	8.21519	32.7222
21.7594	26.9264	3.41266
44.5793	33.5959	22.7686
41.0125	41.2852	45.0615
16.7059	23.2429	33.7284
31.6568	7.1229	39.001
36.1941	22.2491	43.2243
13.6069	9.44777	23.7816
23.5787	12.991	44.7521
10.3205	9.37477	24.3201
9.48635	11.333	32.1321
16.7845	22.2495	2.15014
22.3393	1.25106	18.3733
4.69394	4.36539	5.84468
36.2206	43.2153	4.28148
11.9411	7.0303	40.6096
20.0842	9.52421	33.8611
42.9	40.3584	0.28655
0.697865	21.1061	46.4866
34.1979	38.3997	32.6645
42.7381	10.6659	8.71349
4.4731	22.2623	28.0728
9.78029	41.8672	7.28533
30.8973	36.6533	44.7597
43.4566	46.6985	6.6346
46.5477	22.3504	45.3458
26.8333	44.2587	25.6692
23.6832	21.1834	23.7613
12.5514	19.9311	32.2945
7.78858	38.5824	34.7232
39.5637	4.46488	25.6424
45.7419	28.7107	14.556
4.92535	22.5079	2.13886
21.6283	42.7263	0.642635
37.0451	20.8964	15.9998
3.74645	36.5846	22.9654
42.8444	3.00393	20.3592
3.60979	5.72733	46.7197
33.2653	38.3014	33.3144
12.6464	11.4676	27.501
30.5828	36.9651	44.9759
42.7538	38.0147	29.8462
25.9872	34.4397	42.4626
6.87714	15.8206	14.4871
26.0618	12.0957	9.91988
27.3968	26.008	5.38759
1.75367	15.3646	45.3371
23.4897	27.7167	20.7281
19.2638	4.74623	33.3457
19.6791	44.9477	39.3068
30.596	23.1618	40.2707
37.5862	3.31129	40.3585
1.59376	18.6702	36.7621
32.5205	30.9162	23.1795
6.40916	34.3995	27.2215
6.04456	43.6733	7.86929
25.967	24.7044	1.61016
11.0283	8.54473	0.594007
22.3151	19.2777	2.57561
44.4897	37.0758	16.8891
32.9986	39.7694	14.601
5.14678	14.5115	12.3233
10.3113	43.552	46.3065
28.9638	19.9548	5.19089
0.508464	0.866224	18.1683
5.25825	46.855	41.1226
3.81584	22.5318	25.9408
9.81764	8.58121	47.1555
40.6696	38.157	14.2174
26.149	15.3574	18.664
26.7183	0.472913	17.096
16.0132	40.3511	18.785
30.7932	33.3598	21.3517
20.9713	0.362159	44.0189
9.52686	31.1956	45.9309
41.3988	19.2295	42.4958
44.7364	30.0524	46.0664
5.13562	15.7089	25.1272
25.6974	25.2916	3.48516
35.5403	34.0027	14.4349
45.9098	17.0784	4.14445
22.0937	27.3597	16.7874
22.7807	8.24693	46.8544
31.5687	36.6676	1.64539
36.5577	43.0896	15.8212
24.5099	36.7112	26.5217
0.578514	45.1876	12.1213
13.8524	28.3407	28.2811
17.6814	35.8046	37.5327
1.70008	11.599	16.7267
41.7086	32.3945	36.8606
35.3582	41.4247	29.8669
44.2065	45.583	0.988241
38.9062	1.44975	5.99881
30.1382	23.7657	40.2285
36.0756	13.3122	13.7388
6.91503	38.774	44.1385
35.5543	32.9187	18.6219
27.2033	31.0379	38.8349
29.3299	35.7101	7.20991
37.9801	14.0396	11.1237
7.60155	10.9141	25.7878
34.8816	10.2011	33.2941
1.98887	2.79677	32.0825
33.1864	33.1264	16.5799
29.9491	9.59935	22.2094
37.3634	35.4992	4.62788
27.0565	18.5092	22.57
6.63994	41.9842	38.0421
18.7354	46.6061	12.5483
15.251	24.4121	45.0155
46.8663	42.71	9.91024
7.01885	36.9331	27.4608
15.9497	13.0566	12.701
33.2146	34.8453	14.4513
38.2343	37.4895	30.7534
25.901	0.711634	16.481
19.6023	28.6436	19.1775
18.2005	26.1412	24.889
35.0412	1.88617	23.4891
16.7063	28.9384	17.4414
15.4188	11.4559	20.4461
1.06363	31.3491	29.0431
30.3235	23.1852	8.88823
14.2962	28.6084	41.4042
15.5656	24.8821	13.356
41.0005	27.9628	2.53617
42.5748	3.43001	5.68846
7.16465	32.5327	47.0344
34.8508	11.9568	35.5906
29.2815	24.1239	17.6314
45.5965	38.4471	26.553
7.36587	15.3557	37.0544
35.4078	25.9883	5.21622
1.29563	12.14	45.5517
41.6962	12.5708	16.1025
31.4262	2.3636	22.0179
28.8804	33.3639	41.9002
42.3048	45.1556	40.7329
15.1039	6.98966	18.4588
24.5308	10.2254	17.0406
29.5816	17.289	2.2983
10.3383	26.2048	9.03144
13.5763	13.724	42.6387
38.5737	30.126	8.49475
10.4358	11.786	44.4478
41.6697	39.5108	11.6254
36.474	5.44902	42.9107
30.346	23.9023	21.579
16.9493	6.18425	31.0079
5.91876	6.68882	13.6877
46.2371	41.9721	23.7148
33.674	13.6297	15.0013
28.4301	20.2678	25.0404
30.7272	8.9706	29.6111
40.6626	14.2486	31.4799
8.09338	15.4519	1.12017
37.3774	34.7674	25.5983
12.6872	36.8864	44.3806
45.4169	42.4751	26.4854
4.16806	41.1785	46.5684
38.6727	41.6179	19.457
42.7797	0.581964	8.75258
0.377683	21.6718	18.8896
42.1435	24.3354	31.0742
35.4308	34.8483	16.0806
41.0409	45.9071	18.9694
15.1251	32.9143	40.0151
37.2996	2.05589	43.3045
39.6858	26.8167	0.922972
27.7373	35.8441	40.5154
42.1538	8.60761	18.9032
34.6557	37.3531	5.21817
34.0904	26.0231	23.2877
31.5797	32.3984	7.48109
16.3256	3.88701	38.4931
44.9997	16.5762	13.4417
17.9505	27.2411	5.54902
24.034	17.3441	32.1971
23.2637	6.30716	19.6415
27.0299	44.0481	27.9458
46.8406	35.5664	46.9737
6.35766	18.5825	27.3978
42.2048	15.8689	23.9661
8.0865	41.437	0.538978
41.6359	39.2621	34.2075
11.0005	13.5448	3.41557
46.2637	17.4777	11.6035
45.2263	1.34901	12.3476
40.6955	0.852128	17.2985
21.2852	35.303	11.0224
3.43942	22.0853	28.3575
27.108	34.9547	10.392
31.1273	30.3157	33.1373
10.6307	30.9543	1.76444
7.45422	36.7786	27.3131
35.8627	23.519	47.1757
2.32919	10.2674	15.0478
8.18875	13.2384	0.727771
4.44714	10.7554	2.36018
11.7982	14.1027	33.2673
24.6237	13.5066	22.3437
27.2389	16.0699	3.29561
12.7514	30.2709	36.4285
43.6363	46.2533	31.3422
7.48421	21.564	0.136924
35.24	37.6764	9.12265
35.8877	19.3817	4.83672
43.5102	4.73826	41.1093
16.78	40.3462	32.0675
16.4575	2.11022	12.2394
16.8625	10.7274	3.58008
25.8032	9.81774	10.2468
45.8501	6.14983	19.0276
0.748916	29.3598	18.9986
33.8721	39.3798	28.5896
8.946	40.9871	39.963
11.7543	31.0317	28.0947
46.912	6.97015	21.0282
12.1435	10.7908	29.8449
3.75912	13.4376	43.7945
13.9308	24.8012	23.7586
14.2049	3.58714	2.7879
24.5967	32.2168	23.8766
15.6244	20.4282	30.9182
9.64177	26.8624	14.5634
34.8917	37.9886	15.7031
22.8351	24.9398	39.7809
18.9683	43.8306	7.23399
17.8201	6.27096	24.9044
10.4935	37.7302	16.2472
8.32063	10.9817	27.9345
45.6456	14.9849	36.6562
46.6554	38.6504	45.27
27.2713	41.6814	1.18642
17.8545	19.1066	6.94072
45.7162	21.7998	45.426
5.74432	1.77716	32.4484
45.2532	28.454	44.2352
9.87454	20.7147	30.7109
18.1155	15.1382	16.0537
12.8762	2.19931	46.1995
23.1831	20.6144	44.3675
13.845	44.9888	23.3829
26.5619	14.453	19.6643
32.2291	41.8637	42.3145
18.9757	25.1397	46.4802
21.1278	33.4491	11.14
44.8612	2.28746	16.9541
39.0873	22.1539	0.234305
19.6008	3.72749	1.13026
18.1765	1.10625	39.4567
0.498691	25.4559	27.2164
15.1756	31.2927	24.707
45.5163	12.4435	1.33362
36.9984	37.8528	46.5169
23.9557	22.3438	29.0405
33.9271	18.9479	30.5986
19.5568	19.6688	14.8173
5.85914	43.1103	34.0423
19.4929	31.9669	25.1857
17.5469	41.1746	27.3024
44.1381	30.1577	21.5444
1.09135	25.1343	2.79403
33.2701	23.0197	12.1973
16.4958	32.1054	40.8854
30.2184	3.83211	12.7909
32.3669	44.2751	19.2698
12.5358	41.22	35.9509
41.5176	33.0808	5.1386
18.6835	24.586	41.6202
10.9172	30.7369	31.4106
23.9921	20.1616	34.3448
4.23267	41.2591	31.9755
29.1145	3.67926	40.3954
8.20253	8.80105	12.6115
38.9028	38.4719	18.3818
6.1192	23.5418	5.93114
25.935	6.42411	2.43489
39.9538	45.0094	37.9905
0.793195	18.2039	37.2927
27.3121	17.983	5.73788
35.2435	2.46213	25.7449
21.046	27.8718	31.1129
23.7814	20.5634	37.5451
21.3819	8.25618	13.4619
27.8174	12.7385	1.1852
44.5024	15.4285	33.5583
4.17955	45.5573	41.7097
4.1915	10.2043	39.7665
14.1111	33.6182	19.6342
46.6264	23.644	24.102
26.8134	40.479	44.1874
9.05388	13.033	41.7392
27.8359	41.8503	7.02818
4.99527	17.3019	30.6451
45.9058	44.4682	7.55126
15.5068	26.7138	18.2804
0.0830752	27.1755	35.401
5.25115	21.9516	0.258007
40.2807	15.7901	20.569
36.6653	10.2469	47.0336
21.046	28.651	3.41022
3.55812	34.4018	18.9496
11.2283	18.5051	0.511854
10.6388	25.3583	39.2303
18.4962	39.3124	29.4313
39.6143	4.84912	15.9358
15.3081	39.6444	38.3634
36.6734	5.46492	26.7977
13.1346	3.15385	37.9245
24.6397	45.9124	13.1541
0.129611	6.73677	16.9857
4.86219	46.6968	25.7559
16.6079	28.3838	43.3781
3.31575	20.8285	7.78777
24.8803	30.9997	10.1347
2.56978	41.0799	40.9537
45.2532	28.8121	18.7477
18.4457	41.1081	42.5818
26.2096	42.8138	7.55178
24.1222	36.068	27.9537
38.0288	30.3121	20.7806
4.60726	10.9739	39.6113
1.04726	39.4629	8.81218
10.6974	17.445	29.0188
46.969	22.1049	27.3126
26.5087	16.8066	16.0203
19.0701	7.05016	43.8587
6.84099	21.8288	12.6667
22.3845	4.99139	46.5343
33.0581	1.72809	10.2191
4.80547	37.6325	27.3016
30.3533	4.50711	27.2583
11.5826	24.5271	43.003
24.4142	34.1742	18.3531
42.1184	28.3755	45.3502
7.2701	10.8724	31.6679
4.7724	1.20276	9.27897
19.4041	2.64817	36.6958
3.60262	26.964	21.4172
35.6544	15.8163	36.0444
7.96362	6.18787	44.6345
16.445	27.4005	41.0135
11.1469	18.6444	27.6916
23.8115	7.5117	11.4175
35.5619	19.4806	14.0925
4.11466	40.6979	41.6794
13.7857	39.6072	27.7296
0.623754	2.97154	42.3896
7.17065	39.0447	14.4187
9.42716	7.95289	14.7718
43.439	34.7392	24.8814
2.09209	38.1203	9.84141
30.4878	45.313	41.6811
43.3535	13.3133	31.1057
44.786	13.8741	15.3786
44.582	30.9167	32.0831
44.0642	14.4325	6.01879
35.545	19.0524	40.0264
39.2775	9.82349	12.4403
40.9147	3.62241	29.057
27.9198	34.313	36.3425
14.1746	13.9853	42.8708
21.8685	19.8004	7.46402
12.6596	45.6059	9.00577
6.99163	4.36538	5.66659
17.2796	33.6901	1.00688
21.6752	28.8255	8.71944
10.0384	36.8646	9.219
2.86648	23.4248	22.697
16.5716	32.0346	31.5924
10.8764	4.85628	41.8069
32.4485	47.1002	7.55935
9.81994	0.055454	35.0389
10.74	26.4261	45.5749
6.74082	37.887	8.18948
25.5428	22.9832	12.3991
9.18306	12.4885	1.35664
46.196	12.1554	21.2674
20.249	40.5752	8.54511
7.0037	18.4226	30.6612
33.8512	18.3374	13.6583
23.0264	30.4072	13.0512
17.0728	4.86543	6.73252
40.0268	46.0475	17.7023
10.3781	33.6619	45.8318
28.5458	27.8491	26.6748
24.4478	32.0165	9.66875
8.22796	11.3898	41.7424
34.7292	45.5476	20.5928
11.5487	22.3332	39.7874
33.7802	4.83562	25.1465
19.319	36.5903	24.8595
12.1512	45.7828	6.47203
5.21858	41.0388	11.8435
19.213	2.04462	42.8159
42.7208	3.15668	38.3434
31.3271	37.1913	23.1887
20.2537	24.2907	34.9414
24.4095	2.40443	0.127676
21.4376	0.354396	7.9651
31.03	0.952859	10.7536
17.9714	0.317901	8.3073
22.9789	34.6835	31.9855
8.05703	18.2951	10.975
9.37835	37.2451	29.9142
37.025	13.3532	41.8869
8.19861	37.3924	4.72995
43.1036	15.6484	46.2675
33.2403	41.9554	26.0163
3.0124	21.0392	8.07018
3.17315	31.8399	15.7583
6.20884	19.3584	37.8726
2.19909	42.4097	14.5394
9.10525	26.6922	33.033
4.18235	45.2584	21.1139
36.0166	12.8173	4.8095
11.0016	32.3271	37.5696
8.3336	40.1125	22.1082
35.3235	25.5705	16.4964
42.2435	6.20402	32.7883
46.3663	41.1272	33.3636
37.5348	36.6885	22.6423
43.0315	31.8675	6.85811
26.3833	34.6038	15.5584
45.5283	25.9444	21.8005
9.11701	35.3835	42.765
36.9895	31.045	15.8924

0